0 0.5044283413848631 0.5386666666666666 0.0499194847020934 0.13333333333333333
0 0.322061191626409 0.5906666666666667 0.1529790660225443 0.224
0 0.3723832528180354 0.54 0.08454106280193237 0.14133333333333334
0 0.392109500805153 0.5226666666666666 0.0821256038647343 0.12
0 0.4146537842190016 0.5 0.06682769726247988 0.08533333333333333
1 0.44323671497584544 0.4666666666666667 0.0571658615136876 0.09866666666666667
3 0.8506441223832528 0.7493333333333333 0.11594202898550725 0.496
0 0.7677133655394525 0.6893333333333334 0.20853462157809985 0.368
0 0.6598228663446055 0.5986666666666667 0.10628019323671498 0.208
0 0.6183574879227053 0.5426666666666666 0.07809983896940419 0.184
3 0.5648148148148148 0.5106666666666667 0.01288244766505636 0.09866666666666667
0 0.6678743961352657 0.5106666666666667 0.0853462157809984 0.10933333333333334
0 0.10185185185185185 0.612 0.2037037037037037 0.272
0 0.21578099838969403 0.556 0.11916264090177134 0.17866666666666667
0 0.500402576489533 0.5013333333333333 0.028985507246376812 0.088
0 0.26851851851851855 0.5386666666666666 0.07407407407407407 0.14133333333333334
1 0.7741545893719807 0.49333333333333335 0.1280193236714976 0.16
0 0.04508856682769726 0.548 0.09017713365539452 0.18666666666666668