0 0.2028985507246377 0.7653333333333333 0.2946859903381642 0.464
0 0.08011272141706924 0.7773333333333333 0.16022544283413848 0.44
5 0.9867149758454107 0.7653333333333333 0.0249597423510467 0.464
0 0.4138486312399356 0.5826666666666667 0.0571658615136876 0.16533333333333333
0 0.4440418679549114 0.552 0.03462157809983897 0.10133333333333333
1 0.4557165861513688 0.512 0.028985507246376812 0.10933333333333334
0 0.5873590982286635 0.5506666666666666 0.09903381642512077 0.128
0 0.572061191626409 0.5413333333333333 0.0853462157809984 0.09866666666666667
0 0.5442834138486312 0.524 0.061996779388083734 0.08533333333333333
1 0.47061191626409016 0.5 0.01932367149758454 0.06666666666666667
1 0.3639291465378422 0.608 0.11513687600644122 0.32266666666666666
5 0.8035426731078905 0.5626666666666666 0.06280193236714976 0.232