0 0.49516908212560384 0.528 0.036231884057971016 0.11466666666666667
0 0.8599033816425121 0.7106666666666667 0.2785829307568438 0.5733333333333334
0 0.7471819645732689 0.6386666666666667 0.17713365539452497 0.3333333333333333
0 0.6807568438003221 0.588 0.1537842190016103 0.22666666666666666
0 0.40660225442834136 0.5093333333333333 0.02576489533011272 0.056
0 0.286634460547504 0.5853333333333334 0.0861513687600644 0.16533333333333333
0 0.5954106280193237 0.5253333333333333 0.09178743961352658 0.12533333333333332
0 0.5656199677938808 0.512 0.06924315619967794 0.09066666666666667
1 0.5426731078904992 0.488 0.05394524959742351 0.08266666666666667
0 0.36513687600644124 0.5 0.030595813204508857 0.064
0 0.37962962962962965 0.5 0.0249597423510467 0.056
0 0.3421900161030596 0.49733333333333335 0.01932367149758454 0.048