0 0.5100644122383253 0.572 0.05475040257648953 0.17333333333333334
0 0.6996779388083736 0.5906666666666667 0.15136876006441224 0.264
0 0.607085346215781 0.544 0.07809983896940419 0.13333333333333333
0 0.5756843800322061 0.5306666666666666 0.06763285024154589 0.09333333333333334
0 0.1956521739130435 0.644 0.15619967793880837 0.25866666666666666
0 0.38727858293075684 0.54 0.04589371980676329 0.104
0 0.4392109500805153 0.5173333333333333 0.029790660225442835 0.06666666666666667
0 0.24033816425120774 0.5786666666666667 0.09178743961352658 0.136
0 0.2926731078904992 0.5453333333333333 0.057971014492753624 0.12533333333333332
0 0.47946859903381644 0.5026666666666667 0.02254428341384863 0.042666666666666665
0 0.3526570048309179 0.5293333333333333 0.043478260869565216 0.08
0 0.4106280193236715 0.5186666666666667 0.03784219001610306 0.056
0 0.107085346215781 0.5693333333333334 0.09903381642512077 0.13866666666666666
0 0.11755233494363929 0.5413333333333333 0.09420289855072464 0.096
0 0.532608695652174 0.49866666666666665 0.020128824476650563 0.042666666666666665