3 0.2708333333333333 0.4864864864864865 0.013071895424836602 0.11891891891891893
3 0.3488562091503268 0.4851351351351351 0.008986928104575163 0.08648648648648649
3 0.2696078431372549 0.46756756756756757 0.00980392156862745 0.0918918918918919
0 0.829248366013072 0.5540540540540541 0.08823529411764706 0.12972972972972974
0 0.8941993464052288 0.5581081081081081 0.0988562091503268 0.12432432432432433
0 0.9481209150326797 0.5594594594594594 0.10212418300653595 0.12702702702702703
3 0.2875816993464052 0.46756756756756757 0.00980392156862745 0.0972972972972973
3 0.3374183006535948 0.5702702702702702 0.027777777777777776 0.24054054054054055
3 0.4309640522875817 0.5581081081081081 0.042483660130718956 0.2648648648648649
5 0.5968137254901961 0.5716216216216217 0.08823529411764706 0.3162162162162162
5 0.12459150326797386 0.6594594594594595 0.1184640522875817 0.4972972972972973
0 0.5061274509803921 0.5027027027027027 0.029411764705882353 0.07567567567567568
3 0.24918300653594772 0.4743243243243243 0.012254901960784314 0.10810810810810811
3 0.18586601307189543 0.47297297297297297 0.008986928104575163 0.11891891891891893
3 0.8235294117647058 0.518918918918919 0.016339869281045753 0.0972972972972973