0 0.6678743961352657 0.6106666666666667 0.12318840579710146 0.25066666666666665
0 0.5157004830917874 0.49466666666666664 0.057971014492753624 0.06666666666666667
3 0.39855072463768115 0.5146666666666667 0.012077294685990338 0.11733333333333333
5 0.7077294685990339 0.5266666666666666 0.05394524959742351 0.14133333333333334
0 0.6694847020933977 0.48 0.0571658615136876 0.06933333333333333
0 0.8119967793880838 0.4706666666666667 0.07407407407407407 0.06666666666666667
1 0.9694041867954911 0.4613333333333333 0.05958132045088567 0.088
0 0.3325281803542673 0.512 0.05152979066022544 0.06933333333333333
0 0.22181964573268922 0.516 0.04589371980676329 0.064
0 0.48389694041867953 0.488 0.017713365539452495 0.04
0 0.4561191626409018 0.488 0.020933977455716585 0.04