3 0.9822866344605475 0.6093333333333333 0.033816425120772944 0.6373333333333333
5 0.11473429951690821 0.72 0.1706924315619968 0.5546666666666666
0 0.8357487922705314 0.7213333333333334 0.32689210950080516 0.552
0 0.6614331723027376 0.6146666666666667 0.1537842190016103 0.4053333333333333
0 0.6018518518518519 0.5413333333333333 0.09500805152979067 0.26666666666666666
0 0.5740740740740741 0.536 0.05636070853462158 0.16266666666666665
3 0.534621578099839 0.48133333333333334 0.01288244766505636 0.104
3 0.538647342995169 0.48533333333333334 0.011272141706924315 0.10133333333333333
0 0.4392109500805153 0.4866666666666667 0.024154589371980676 0.08
3 0.4919484702093398 0.4786666666666667 0.008051529790660225 0.06666666666666667
0 0.3719806763285024 0.5386666666666666 0.05475040257648953 0.12533333333333332
0 0.11030595813204509 0.7626666666666667 0.22061191626409019 0.4693333333333333
0 0.23953301127214172 0.6493333333333333 0.16183574879227053 0.30666666666666664
0 0.31803542673107893 0.5706666666666667 0.09339774557165861 0.20266666666666666