0 0.48389694041867953 0.5413333333333333 0.04589371980676329 0.12266666666666666
0 0.14049919484702095 0.768 0.2809983896940419 0.45866666666666667
0 0.26288244766505636 0.7493333333333333 0.21900161030595813 0.4613333333333333
0 0.14492753623188406 0.6946666666666667 0.17552334943639292 0.33866666666666667
0 0.21296296296296297 0.624 0.14009661835748793 0.24
0 0.3132045088566828 0.5586666666666666 0.09742351046698873 0.14666666666666667
0 0.3353462157809984 0.5413333333333333 0.09017713365539452 0.13866666666666666
0 0.3671497584541063 0.5266666666666666 0.0644122383252818 0.09066666666666667
0 0.4392109500805153 0.5253333333333333 0.037037037037037035 0.088
0 0.3973429951690821 0.504 0.05958132045088567 0.07733333333333334
0 0.8534621578099839 0.7493333333333333 0.2914653784219002 0.496
0 0.5595813204508857 0.548 0.05394524959742351 0.13333333333333333
2 0.5495169082125604 0.452 0.05958132045088567 0.232
3 0.607487922705314 0.5093333333333333 0.011272141706924315 0.13066666666666665
0 0.0889694041867955 0.564 0.11916264090177134 0.13333333333333333
0 0.4883252818035427 0.5133333333333333 0.028985507246376812 0.088
0 0.249597423510467 0.516 0.04911433172302738 0.08