0 0.2177938808373591 0.6693333333333333 0.15861513687600645 0.288
0 0.30112721417069244 0.6066666666666667 0.09339774557165861 0.17866666666666667
0 0.34339774557165864 0.5773333333333334 0.06038647342995169 0.136
0 0.3723832528180354 0.5546666666666666 0.04911433172302738 0.104
0 0.7081320450885669 0.47733333333333333 0.10789049919484701 0.136
0 0.6867954911433173 0.4706666666666667 0.071658615136876 0.128
0 0.6658615136876006 0.48 0.07729468599033816 0.11466666666666667
0 0.9863123993558777 0.4013333333333333 0.02576489533011272 0.12533333333333332
0 0.962157809983897 0.404 0.07407407407407407 0.12533333333333332
0 0.9456521739130435 0.412 0.107085346215781 0.10666666666666667
0 0.9219001610305958 0.42133333333333334 0.11352657004830918 0.10133333333333333
0 0.40136876006441224 0.54 0.03784219001610306 0.08266666666666667
0 0.5563607085346216 0.5173333333333333 0.03864734299516908 0.09866666666666667