0 0.33619281045751637 0.6148648648648649 0.12745098039215685 0.2702702702702703
5 0.9313725490196079 0.4635135135135135 0.09068627450980392 0.22702702702702704
5 0.8431372549019608 0.4608108108108108 0.06209150326797386 0.1783783783783784
3 0.47263071895424835 0.518918918918919 0.026143790849673203 0.1837837837837838
5 0.6638071895424836 0.47162162162162163 0.03594771241830065 0.10810810810810811
3 0.33905228758169936 0.5283783783783784 0.02042483660130719 0.20810810810810812
5 0.7132352941176471 0.4702702702702703 0.02369281045751634 0.12432432432432433
3 0.17401960784313725 0.5567567567567567 0.02696078431372549 0.15675675675675677
3 0.16666666666666666 0.5648648648648649 0.024509803921568627 0.15135135135135136
5 0.2647058823529412 0.5540540540540541 0.06699346405228758 0.1972972972972973
3 0.20915032679738563 0.5567567567567567 0.02287581699346405 0.15675675675675677
3 0.18504901960784315 0.5635135135135135 0.026143790849673203 0.1945945945945946
3 0.28145424836601307 0.5364864864864864 0.016339869281045753 0.1945945945945946
0 0.9640522875816994 0.42567567567567566 0.07026143790849673 0.10810810810810811
0 0.8925653594771242 0.45675675675675675 0.1053921568627451 0.0918918918918919