0 0.8470209339774557 0.5786666666666667 0.30434782608695654 0.4693333333333333
0 0.9766505636070854 0.43866666666666665 0.04508856682769726 0.12266666666666666
0 0.32085346215780997 0.5666666666666667 0.08293075684380032 0.19466666666666665
0 0.38687600644122383 0.5693333333333334 0.0966183574879227 0.22666666666666666
0 0.715780998389694 0.4573333333333333 0.11835748792270531 0.14666666666666667
0 0.8075684380032206 0.43733333333333335 0.05958132045088567 0.10133333333333333
1 0.9090177133655395 0.4146666666666667 0.071658615136876 0.12
0 0.8421900161030595 0.43066666666666664 0.06602254428341385 0.09333333333333334
0 0.3603059581320451 0.5453333333333333 0.06360708534621579 0.13866666666666666
0 0.5475040257648953 0.4866666666666667 0.036231884057971016 0.08533333333333333
0 0.49557165861513686 0.492 0.026570048309178744 0.06666666666666667
0 0.46256038647342995 0.46266666666666667 0.027375201288244767 0.042666666666666665