0 0.5028180354267311 0.6213333333333333 0.061191626409017714 0.176
0 0.1280193236714976 0.6173333333333333 0.12962962962962962 0.19466666666666665
5 0.8904991948470209 0.6946666666666667 0.16183574879227053 0.376
1 0.607085346215781 0.5653333333333334 0.0861513687600644 0.264
3 0.3276972624798712 0.6426666666666667 0.02818035426731079 0.33066666666666666
1 0.24476650563607086 0.568 0.07326892109500806 0.136
0 0.3494363929146538 0.596 0.10225442834138486 0.17333333333333334
0 0.36513687600644124 0.5933333333333334 0.09500805152979067 0.13333333333333333
0 0.38727858293075684 0.5813333333333334 0.08856682769726248 0.11466666666666667
0 0.4146537842190016 0.5653333333333334 0.061191626409017714 0.09333333333333334
0 0.4367954911433172 0.5426666666666666 0.04589371980676329 0.06133333333333333
0 0.5672302737520128 0.5773333333333334 0.04428341384863124 0.10666666666666667
0 0.4867149758454106 0.5666666666666667 0.033816425120772944 0.10666666666666667
0 0.26851851851851855 0.5493333333333333 0.05394524959742351 0.08266666666666667