0 0.7177938808373591 0.712 0.23027375201288244 0.4613333333333333
5 0.2427536231884058 0.668 0.0853462157809984 0.432
0 0.20128824476650564 0.676 0.1642512077294686 0.30666666666666664
0 0.573268921095008 0.564 0.10547504025764895 0.25333333333333335
0 0.2665056360708535 0.5973333333333334 0.10789049919484701 0.21066666666666667
0 0.4919484702093398 0.5253333333333333 0.04750402576489533 0.11733333333333333
0 0.3446054750402576 0.536 0.03864734299516908 0.09066666666666667
0 0.464170692431562 0.5093333333333333 0.029790660225442835 0.08266666666666667
3 0.3325281803542673 0.49866666666666665 0.010466988727858293 0.088
3 0.32326892109500804 0.5106666666666667 0.00966183574879227 0.088
5 0.31561996779388085 0.628 0.061191626409017714 0.32266666666666666