0 0.1320450885668277 0.728 0.21900161030595813 0.38133333333333336
0 0.35426731078904994 0.624 0.09500805152979067 0.22933333333333333
0 0.2463768115942029 0.644 0.12721417069243157 0.24533333333333332
5 0.676731078904992 0.608 0.09339774557165861 0.2613333333333333
0 0.9464573268921095 0.5426666666666666 0.10547504025764895 0.272
5 0.7077294685990339 0.628 0.10305958132045089 0.30933333333333335
0 0.42069243156199676 0.544 0.039452495974235106 0.112
0 0.4500805152979066 0.512 0.01610305958132045 0.048
0 0.5462962962962963 0.524 0.07407407407407407 0.096
0 0.5189210950080515 0.508 0.050724637681159424 0.072
1 0.3965378421900161 0.556 0.0644122383252818 0.192