0 0.9472624798711755 0.668 0.10386473429951691 0.6586666666666666
0 0.8236714975845411 0.7333333333333333 0.35104669887278583 0.528
0 0.5821256038647343 0.5933333333333334 0.10064412238325282 0.216
5 0.3462157809983897 0.568 0.027375201288244767 0.19466666666666665
0 0.2938808373590982 0.5986666666666667 0.08051529790660225 0.17333333333333334
0 0.5233494363929146 0.536 0.06602254428341385 0.16533333333333333
0 0.47020933977455714 0.5266666666666666 0.03784219001610306 0.09066666666666667
0 0.34822866344605474 0.528 0.028985507246376812 0.07466666666666667
0 0.44565217391304346 0.5133333333333333 0.026570048309178744 0.06933333333333333
3 0.33172302737520126 0.5 0.008856682769726247 0.072
3 0.32608695652173914 0.512 0.00644122383252818 0.072
5 0.37318840579710144 0.552 0.0249597423510467 0.168