3 0.22584541062801933 0.492 0.01610305958132045 0.12533333333333332
0 0.22181964573268922 0.47733333333333333 0.05475040257648953 0.13866666666666666
0 0.2640901771336554 0.48933333333333334 0.05475040257648953 0.10133333333333333
0 0.31803542673107893 0.48133333333333334 0.06280193236714976 0.088
1 0.45652173913043476 0.4693333333333333 0.057971014492753624 0.104
0 0.47987117552334946 0.4706666666666667 0.0426731078904992 0.06933333333333333
0 0.5157004830917874 0.4666666666666667 0.04508856682769726 0.072
0 0.5426731078904992 0.47333333333333333 0.04911433172302738 0.056
0 0.5660225442834138 0.4746666666666667 0.03542673107890499 0.056
0 0.5861513687600645 0.472 0.04106280193236715 0.05333333333333334
0 0.607085346215781 0.468 0.04669887278582931 0.056
1 0.6400966183574879 0.456 0.04830917874396135 0.07466666666666667
0 0.6590177133655395 0.4613333333333333 0.0426731078904992 0.050666666666666665
0 0.6743156199677939 0.46 0.037037037037037035 0.04533333333333334