0 0.4810789049919485 0.5453333333333333 0.04589371980676329 0.12533333333333332
0 0.16143317230273752 0.7626666666666667 0.32286634460547503 0.4693333333333333
0 0.30112721417069244 0.6986666666666667 0.16908212560386474 0.368
0 0.1859903381642512 0.6573333333333333 0.15619967793880837 0.2826666666666667
0 0.23953301127214172 0.604 0.1288244766505636 0.21066666666666667
0 0.32085346215780997 0.5533333333333333 0.09178743961352658 0.13333333333333333
0 0.3417874396135266 0.5373333333333333 0.08454106280193237 0.13066666666666665
0 0.37037037037037035 0.5253333333333333 0.061191626409017714 0.088
0 0.4384057971014493 0.524 0.03542673107890499 0.08266666666666667
0 0.3973429951690821 0.504 0.057971014492753624 0.07466666666666667
0 0.8289049919484702 0.7453333333333333 0.34057971014492755 0.504
0 0.5511272141706924 0.54 0.0499194847020934 0.12266666666666666
2 0.5430756843800322 0.4493333333333333 0.05636070853462158 0.21866666666666668
3 0.5998389694041868 0.5066666666666667 0.01288244766505636 0.12266666666666666
0 0.11151368760064412 0.556 0.10789049919484701 0.12533333333333332
0 0.4855072463768116 0.5146666666666667 0.028985507246376812 0.088
0 0.2572463768115942 0.512 0.04589371980676329 0.07733333333333334