0 0.48429951690821255 0.5013333333333333 0.020128824476650563 0.06133333333333333
0 0.3711755233494364 0.6026666666666667 0.08856682769726248 0.21333333333333335
0 0.8844605475040258 0.7546666666666667 0.22946859903381642 0.48533333333333334
0 0.7560386473429952 0.7333333333333333 0.286634460547504 0.528
0 0.6368760064412239 0.628 0.11674718196457327 0.33866666666666667
0 0.5664251207729468 0.5546666666666666 0.061996779388083734 0.15466666666666667
0 0.5293880837359098 0.5173333333333333 0.029790660225442835 0.08533333333333333
0 0.5499194847020934 0.536 0.04589371980676329 0.128
0 0.3111916264090177 0.5333333333333333 0.06280193236714976 0.07733333333333334
0 0.23148148148148148 0.5373333333333333 0.07085346215780998 0.08
0 0.5152979066022544 0.5013333333333333 0.020128824476650563 0.056
3 0.6827697262479872 0.5546666666666666 0.030595813204508857 0.2826666666666667