0 0.4834943639291465 0.49866666666666665 0.01932367149758454 0.06133333333333333
0 0.40418679549114334 0.56 0.05877616747181964 0.14666666666666667
0 0.8276972624798712 0.7453333333333333 0.34299516908212563 0.504
0 0.6594202898550725 0.6546666666666666 0.1610305958132045 0.37866666666666665
0 0.6022544283413849 0.584 0.08454106280193237 0.25333333333333335
0 0.5555555555555556 0.5413333333333333 0.05233494363929147 0.13333333333333333
0 0.5257648953301127 0.512 0.026570048309178744 0.07733333333333334
0 0.5414653784219001 0.5266666666666666 0.039452495974235106 0.112
0 0.32326892109500804 0.5226666666666666 0.057971014492753624 0.06933333333333333
0 0.24879227053140096 0.524 0.06521739130434782 0.072
0 0.5136876006441223 0.496 0.018518518518518517 0.05333333333333334
3 0.6509661835748792 0.5346666666666666 0.024154589371980676 0.232