0 0.9473039215686274 0.5702702702702702 0.10375816993464053 0.13783783783783785
0 0.8946078431372549 0.5621621621621622 0.10212418300653595 0.13243243243243244
0 0.8255718954248366 0.5621621621621622 0.09477124183006536 0.14324324324324325
0 0.5061274509803921 0.5067567567567568 0.027777777777777776 0.08108108108108109
3 0.8296568627450981 0.6445945945945946 0.0661764705882353 0.47297297297297297
3 0.8500816993464052 0.6513513513513514 0.06862745098039216 0.41081081081081083
3 0.5253267973856209 0.5932432432432433 0.0457516339869281 0.34054054054054056
3 0.23161764705882354 0.5162162162162162 0.029411764705882353 0.1891891891891892
3 0.26919934640522875 0.5162162162162162 0.016339869281045753 0.1864864864864865
3 0.28022875816993464 0.5256756756756756 0.03349673202614379 0.1945945945945946
3 0.28104575163398693 0.5472972972972973 0.028594771241830064 0.24324324324324326
3 0.3284313725490196 0.5472972972972973 0.035130718954248366 0.21891891891891893
3 0.19076797385620914 0.5297297297297298 0.025326797385620915 0.22162162162162163
3 0.22589869281045752 0.5310810810810811 0.02369281045751634 0.21621621621621623
3 0.252859477124183 0.5378378378378378 0.022058823529411766 0.1945945945945946
3 0.247140522875817 0.5283783783783784 0.021241830065359478 0.1972972972972973