0 0.49114331723027377 0.508 0.020128824476650563 0.064
0 0.13848631239935588 0.788 0.27697262479871176 0.4186666666666667
0 0.961755233494364 0.744 0.0748792270531401 0.5066666666666667
0 0.8446054750402576 0.7226666666666667 0.30917874396135264 0.5493333333333333
0 0.6115136876006442 0.5986666666666667 0.10225442834138486 0.23733333333333334
0 0.5462962962962963 0.5306666666666666 0.03784219001610306 0.104
0 0.5780998389694042 0.5613333333333334 0.06521739130434782 0.176
0 0.286231884057971 0.5533333333333333 0.07568438003220612 0.09066666666666667
0 0.1892109500805153 0.5666666666666667 0.0853462157809984 0.096
0 0.08816425120772947 0.58 0.0748792270531401 0.09333333333333334
0 0.5277777777777778 0.508 0.023349436392914653 0.064
3 0.8301127214170693 0.628 0.04669887278582931 0.5173333333333333