3 0.624394184168013 0.643048128342246 0.0444264943457189 0.3850267379679144
3 0.32310177705977383 0.6136363636363636 0.034733441033925685 0.32085561497326204
3 0.2568659127625202 0.6149732620320856 0.02988691437802908 0.3074866310160428
3 0.7665589660743134 0.6016042780748663 0.036348949919224556 0.3315508021390374
3 0.722940226171244 0.5962566844919787 0.04281098546042003 0.32620320855614976
3 0.537156704361874 0.5481283422459893 0.022617124394184167 0.20053475935828877
3 0.6284329563812601 0.6390374331550802 0.046849757673667204 0.33689839572192515
3 0.5924878836833603 0.6189839572192514 0.02988691437802908 0.2914438502673797
3 0.5751211631663974 0.6029411764705882 0.029079159935379646 0.2620320855614973
3 0.6389337641357028 0.5735294117647058 0.04361873990306947 0.25668449197860965
3 0.6518578352180937 0.5467914438502673 0.023424878836833602 0.21122994652406418
0 0.462843295638126 0.5280748663101604 0.0395799676898223 0.10160427807486631