0 0.8703703703703703 0.7786666666666666 0.2576489533011272 0.43733333333333335
0 0.0998389694041868 0.812 0.1996779388083736 0.37066666666666664
0 0.20893719806763286 0.7626666666666667 0.21014492753623187 0.448
0 0.32045088566827695 0.6466666666666666 0.11996779388083736 0.25066666666666665
0 0.7383252818035426 0.7306666666666667 0.2528180354267311 0.47733333333333333
0 0.6284219001610306 0.5973333333333334 0.10064412238325282 0.23733333333333334
0 0.8466183574879227 0.49466666666666664 0.14090177133655393 0.2
0 0.535024154589372 0.5186666666666667 0.03784219001610306 0.088
0 0.4895330112721417 0.5133333333333333 0.029790660225442835 0.056
0 0.4609500805152979 0.5013333333333333 0.033816425120772944 0.048
5 0.4029790660225443 0.5066666666666667 0.012077294685990338 0.06133333333333333