0 0.6027397260273972 0.598404255319149 0.08380338436744561 0.19414893617021275
0 0.12288477034649477 0.7659574468085106 0.24576954069298954 0.4627659574468085
0 0.34649476228847703 0.5957446808510638 0.09669621273166801 0.22340425531914893
0 0.5366639806607575 0.5226063829787234 0.0346494762288477 0.0851063829787234
0 0.18896051571313457 0.5997340425531915 0.128928283642224 0.2074468085106383
0 0.39242546333601935 0.5558510638297872 0.05801772763900081 0.1356382978723404
0 0.3041901692183723 0.5558510638297872 0.062046736502820304 0.11702127659574468
0 0.346897663174859 0.5332446808510638 0.0410958904109589 0.0851063829787234
1 0.37107171635777597 0.5093085106382979 0.029814665592264304 0.08244680851063829
0 0.4323126510878324 0.5146276595744681 0.024174053182917002 0.05851063829787234
1 0.39323126510878326 0.5026595744680851 0.029008863819500404 0.06914893617021277
0 0.48428686543110394 0.5093085106382979 0.020145044319097503 0.061170212765957445
0 0.5064464141821112 0.5026595744680851 0.012087026591458501 0.0425531914893617