0 0.751610305958132 0.732 0.2777777777777778 0.5306666666666666
0 0.03864734299516908 0.7146666666666667 0.07729468599033816 0.3413333333333333
0 0.6247987117552335 0.584 0.10466988727858294 0.25866666666666666
0 0.2999194847020934 0.636 0.11755233494363929 0.24533333333333332
0 0.357085346215781 0.5666666666666667 0.07407407407407407 0.192
0 0.5688405797101449 0.5386666666666666 0.057971014492753624 0.14933333333333335
0 0.392914653784219 0.5533333333333333 0.05233494363929147 0.14133333333333334
0 0.5579710144927537 0.5293333333333333 0.050724637681159424 0.10933333333333334
1 0.5426731078904992 0.476 0.04830917874396135 0.168
0 0.5144927536231884 0.504 0.020128824476650563 0.050666666666666665
0 0.4363929146537842 0.512 0.020933977455716585 0.04533333333333334