3 0.6587237479806138 0.7005347593582888 0.051696284329563816 0.5427807486631016
3 0.7455573505654282 0.6844919786096256 0.0791599353796446 0.5748663101604278
3 0.19668820678513732 0.6885026737967914 0.05815831987075929 0.5026737967914439
3 0.46163166397415184 0.5668449197860963 0.03150242326332795 0.2647058823529412
3 0.598546042003231 0.5334224598930482 0.024232633279483037 0.20855614973262032
3 0.8336025848142165 0.56951871657754 0.048465266558966075 0.3235294117647059
3 0.9547657512116317 0.5427807486631016 0.05250403877221325 0.339572192513369
3 0.7903877221324718 0.536096256684492 0.030694668820678513 0.2647058823529412
3 0.42326332794830374 0.536096256684492 0.016962843295638127 0.1497326203208556
3 0.4079159935379645 0.5294117647058824 0.016962843295638127 0.1497326203208556
0 0.46163166397415184 0.4799465240641711 0.0210016155088853 0.06951871657754011
0 0.3982229402261712 0.5080213903743316 0.05735056542810985 0.16310160427807488
1 0.42205169628432954 0.49866310160427807 0.03877221324717286 0.12299465240641712