1 0.4617552334943639 0.48933333333333334 0.026570048309178744 0.096
5 0.4786634460547504 0.5826666666666667 0.040257648953301126 0.2693333333333333
0 0.9090177133655395 0.76 0.18035426731078905 0.4746666666666667
0 0.0607890499194847 0.7706666666666667 0.1215780998389694 0.4533333333333333
1 0.15619967793880837 0.6866666666666666 0.23027375201288244 0.4266666666666667
0 0.6831723027375202 0.672 0.20209339774557167 0.4533333333333333
0 0.5893719806763285 0.5906666666666667 0.11352657004830918 0.25066666666666665
0 0.2669082125603865 0.6173333333333333 0.10547504025764895 0.21866666666666668
3 0.9037842190016103 0.6173333333333333 0.107085346215781 0.43466666666666665
0 0.3115942028985507 0.5693333333333334 0.06602254428341385 0.14666666666666667
0 0.5418679549114331 0.556 0.06280193236714976 0.152