0 0.7568438003220612 0.7653333333333333 0.249597423510467 0.464
1 0.0893719806763285 0.704 0.178743961352657 0.52
0 0.17713365539452497 0.624 0.2037037037037037 0.2906666666666667
0 0.7479871175523349 0.6093333333333333 0.1859903381642512 0.192
0 0.7085346215780999 0.5813333333333334 0.1360708534621578 0.19466666666666665
0 0.6368760064412239 0.5413333333333333 0.11272141706924316 0.144
0 0.3007246376811594 0.532 0.12721417069243157 0.21333333333333335
1 0.534219001610306 0.5026666666666667 0.04186795491143317 0.14133333333333334
0 0.358695652173913 0.536 0.08856682769726248 0.09866666666666667
0 0.3860708534621578 0.5213333333333333 0.0748792270531401 0.10133333333333333
1 0.5165056360708534 0.49066666666666664 0.026570048309178744 0.10133333333333333
1 0.4311594202898551 0.4866666666666667 0.04750402576489533 0.07733333333333334