0 0.5024154589371981 0.5546666666666666 0.05958132045088567 0.18666666666666668
0 0.9174718196457327 0.7 0.16344605475040258 0.5946666666666667
1 0.6932367149758454 0.5506666666666666 0.17552334943639292 0.34933333333333333
0 0.6159420289855072 0.5293333333333333 0.10628019323671498 0.16
0 0.5668276972624798 0.49066666666666664 0.06038647342995169 0.08266666666666667
0 0.5479066022544283 0.48533333333333334 0.04106280193236715 0.064
0 0.14412238325281804 0.568 0.13768115942028986 0.2
1 0.25925925925925924 0.49733333333333335 0.15056360708534622 0.35733333333333334
0 0.23953301127214172 0.544 0.08051529790660225 0.136
0 0.2962962962962963 0.5293333333333333 0.05475040257648953 0.088
0 0.3671497584541063 0.49866666666666665 0.03462157809983897 0.06133333333333333
0 0.3828502415458937 0.48933333333333334 0.02576489533011272 0.06666666666666667
0 0.4061996779388084 0.48533333333333334 0.0249597423510467 0.048
0 0.9126409017713365 0.5306666666666666 0.11594202898550725 0.096
0 0.16988727858293076 0.536 0.0644122383252818 0.112