0 0.49838969404186795 0.528 0.04830917874396135 0.13066666666666665
0 0.05032206119162641 0.7453333333333333 0.10064412238325282 0.504
0 0.14170692431561996 0.6986666666666667 0.21497584541062803 0.384
0 0.27898550724637683 0.56 0.1111111111111111 0.192
0 0.39090177133655396 0.596 0.0998389694041868 0.2
0 0.4170692431561997 0.5546666666666666 0.0571658615136876 0.16
0 0.36312399355877617 0.5293333333333333 0.07246376811594203 0.10666666666666667
1 0.8586956521739131 0.49866666666666665 0.2809983896940419 0.9973333333333333
3 0.7371175523349437 0.6893333333333334 0.0571658615136876 0.432
0 0.678743961352657 0.6533333333333333 0.1723027375201288 0.3546666666666667
0 0.6111111111111112 0.5853333333333334 0.10064412238325282 0.20266666666666666
0 0.5780998389694042 0.528 0.06038647342995169 0.16
0 0.5322061191626409 0.496 0.028985507246376812 0.072
2 0.5289855072463768 0.44 0.037037037037037035 0.14666666666666667
1 0.05877616747181964 0.5706666666666667 0.11755233494363929 0.42133333333333334
0 0.4919484702093398 0.504 0.030595813204508857 0.09333333333333334
0 0.1888083735909823 0.5146666666666667 0.07004830917874397 0.09866666666666667