0 0.4943639291465378 0.5226666666666666 0.04106280193236715 0.10933333333333334
0 0.10789049919484701 0.6933333333333334 0.21578099838969403 0.44
0 0.2693236714975845 0.58 0.12318840579710146 0.184
0 0.4053945249597424 0.592 0.07809983896940419 0.184
0 0.43196457326892107 0.556 0.06038647342995169 0.14666666666666667
0 0.3611111111111111 0.5173333333333333 0.08856682769726248 0.12266666666666666
0 0.7592592592592593 0.7573333333333333 0.26570048309178745 0.48
2 0.6247987117552335 0.43066666666666664 0.1457326892109501 0.49066666666666664
3 0.7242351046698873 0.5746666666666667 0.03784219001610306 0.30666666666666664
0 0.5442834138486312 0.5093333333333333 0.037037037037037035 0.09866666666666667
2 0.5213365539452496 0.44533333333333336 0.033816425120772944 0.14666666666666667
0 0.2572463768115942 0.5106666666666667 0.05233494363929147 0.08
0 0.4826892109500805 0.504 0.027375201288244767 0.08266666666666667
0 0.10507246376811594 0.5453333333333333 0.10305958132045089 0.136