3 0.5290032679738562 0.4689189189189189 0.016339869281045753 0.15405405405405406
3 0.21772875816993464 0.5378378378378378 0.04084967320261438 0.3216216216216216
3 0.4338235294117647 0.46756756756756757 0.02287581699346405 0.1837837837837838
3 0.8978758169934641 0.7108108108108108 0.20261437908496732 0.572972972972973
3 0.9138071895424836 0.6108108108108108 0.1707516339869281 0.772972972972973
3 0.9566993464052288 0.7567567567567568 0.08496732026143791 0.4810810810810811
3 0.9828431372549019 0.7013513513513514 0.032679738562091505 0.5918918918918918
3 0.7034313725490197 0.7256756756756757 0.16176470588235295 0.5432432432432432
3 0.5392156862745098 0.6756756756756757 0.06781045751633986 0.5621621621621622
3 0.6446078431372549 0.6878378378378378 0.058823529411764705 0.5054054054054054
3 0.7005718954248366 0.6445945945945946 0.06454248366013073 0.5405405405405406
3 0.7781862745098039 0.6337837837837837 0.06699346405228758 0.5108108108108108
1 0.1090686274509804 0.49864864864864866 0.2181372549019608 0.9972972972972973