0 0.14452495974235105 0.7506666666666667 0.2890499194847021 0.49333333333333335
0 0.2785829307568438 0.7306666666666667 0.23107890499194847 0.45866666666666667
0 0.5607890499194848 0.548 0.061191626409017714 0.14666666666666667
0 0.7809983896940419 0.7453333333333333 0.3438003220611916 0.504
0 0.34098228663446056 0.624 0.11755233494363929 0.25333333333333335
3 0.2644927536231884 0.6066666666666667 0.028985507246376812 0.30933333333333335
3 0.29508856682769724 0.5773333333333334 0.015297906602254429 0.24266666666666667
0 0.44363929146537845 0.5226666666666666 0.030595813204508857 0.09333333333333334
0 0.534219001610306 0.5226666666666666 0.037037037037037035 0.096
3 0.29790660225442833 0.588 0.018518518518518517 0.248
0 0.5177133655394525 0.504 0.020933977455716585 0.072