0 0.4923510466988728 0.5773333333333334 0.07568438003220612 0.23733333333333334
0 0.8884863123993558 0.7173333333333334 0.2214170692431562 0.56
0 0.748389694041868 0.644 0.19001610305958133 0.34933333333333333
0 0.676731078904992 0.5706666666666667 0.1682769726247987 0.2613333333333333
0 0.6481481481481481 0.5546666666666666 0.12077294685990338 0.176
0 0.07206119162640902 0.6066666666666667 0.14412238325281804 0.264
0 0.15458937198067632 0.5506666666666666 0.11835748792270531 0.192
1 0.44001610305958133 0.484 0.018518518518518517 0.050666666666666665
3 0.5519323671497585 0.512 0.014492753623188406 0.112
3 0.04830917874396135 0.536 0.012077294685990338 0.18933333333333333
3 0.7379227053140096 0.48133333333333334 0.007246376811594203 0.104
3 0.7383252818035426 0.48133333333333334 0.005636070853462158 0.07733333333333334