0 0.8840579710144928 0.6786666666666666 0.23027375201288244 0.584
0 0.2069243156199678 0.7506666666666667 0.25684380032206117 0.49333333333333335
0 0.358695652173913 0.616 0.0998389694041868 0.22666666666666666
0 0.3997584541062802 0.5693333333333334 0.071658615136876 0.16533333333333333
0 0.5865539452495975 0.552 0.06038647342995169 0.184
0 0.8502415458937198 0.5626666666666666 0.27375201288244766 0.28
0 0.4247181964573269 0.528 0.04106280193236715 0.12
0 0.43196457326892107 0.5133333333333333 0.04750402576489533 0.09066666666666667
0 0.3333333333333333 0.492 0.0499194847020934 0.056
0 0.6018518518518519 0.536 0.06280193236714976 0.136
0 0.6368760064412239 0.5106666666666667 0.06521739130434782 0.12266666666666666
0 0.7544283413848631 0.4653333333333333 0.06280193236714976 0.06933333333333333