0 0.4943639291465378 0.5826666666666667 0.08051529790660225 0.25333333333333335
0 0.9770531400966184 0.7173333333333334 0.04428341384863124 0.56
0 0.820450885668277 0.704 0.2318840579710145 0.4746666666666667
0 0.714170692431562 0.5946666666666667 0.19887278582930756 0.32
0 0.6731078904991948 0.568 0.13768115942028986 0.20533333333333334
0 0.04428341384863124 0.6173333333333333 0.08856682769726248 0.27466666666666667
0 0.11191626409017713 0.5653333333333334 0.1457326892109501 0.22133333333333333
1 0.4384057971014493 0.48133333333333334 0.020128824476650563 0.056
3 0.5696457326892109 0.5106666666666667 0.015297906602254429 0.12
3 0.7580515297906603 0.48533333333333334 0.007246376811594203 0.112
3 0.7520128824476651 0.48133333333333334 0.004830917874396135 0.08