0 0.4963768115942029 0.5213333333333333 0.03542673107890499 0.112
0 0.929549114331723 0.748 0.1392914653784219 0.49866666666666665
0 0.785024154589372 0.6946666666666667 0.21980676328502416 0.5146666666666667
0 0.7041062801932367 0.6106666666666667 0.177938808373591 0.296
0 0.6566022544283414 0.5626666666666666 0.14090177133655393 0.23466666666666666
0 0.6328502415458938 0.552 0.10386473429951691 0.168
0 0.6115136876006442 0.5306666666666666 0.10064412238325282 0.13333333333333333
0 0.43156199677938806 0.49333333333333335 0.016908212560386472 0.04
0 0.3884863123993559 0.524 0.03462157809983897 0.07733333333333334
0 0.572463768115942 0.5053333333333333 0.07004830917874397 0.09066666666666667
0 0.5523349436392915 0.49866666666666665 0.05636070853462158 0.072
1 0.5374396135265701 0.484 0.04589371980676329 0.06933333333333333
0 0.38486312399355876 0.49733333333333335 0.0249597423510467 0.056
0 0.36272141706924316 0.49066666666666664 0.01610305958132045 0.042666666666666665