0 0.4778582930756844 0.5573333333333333 0.04750402576489533 0.13066666666666665
0 0.09017713365539452 0.7226666666666667 0.18035426731078905 0.4106666666666667
0 0.2322866344605475 0.784 0.2882447665056361 0.4266666666666667
0 0.3498389694041868 0.652 0.11030595813204509 0.288
0 0.38003220611916266 0.6013333333333334 0.07648953301127215 0.184
0 0.29790660225442833 0.588 0.10144927536231885 0.15733333333333333
0 0.43760064412238325 0.524 0.027375201288244767 0.06666666666666667
0 0.8719806763285024 0.7733333333333333 0.25442834138486314 0.448
0 0.7411433172302737 0.7666666666666667 0.2777777777777778 0.4613333333333333
0 0.6127214170692431 0.6106666666666667 0.10225442834138486 0.264
0 0.5249597423510467 0.5386666666666666 0.03864734299516908 0.09333333333333334
2 0.5217391304347826 0.4653333333333333 0.04589371980676329 0.176
3 0.5652173913043478 0.5133333333333333 0.010466988727858293 0.096
0 0.19082125603864733 0.544 0.07085346215780998 0.09333333333333334
0 0.4754428341384863 0.5333333333333333 0.029790660225442835 0.09066666666666667
0 0.05958132045088567 0.576 0.11513687600644122 0.14133333333333334