1 0.5140901771336553 0.5506666666666666 0.07407407407407407 0.2693333333333333
1 0.9702093397745571 0.48533333333333334 0.057971014492753624 0.5093333333333333
0 0.2669082125603865 0.6 0.12560386473429952 0.20266666666666666
0 0.16626409017713364 0.572 0.1537842190016103 0.2613333333333333
0 0.43196457326892107 0.5266666666666666 0.05555555555555555 0.13066666666666665
0 0.7471819645732689 0.5626666666666666 0.12318840579710146 0.2
0 0.5603864734299517 0.48933333333333334 0.033011272141706925 0.104
1 0.6010466988727858 0.456 0.040257648953301126 0.128
0 0.8244766505636071 0.5413333333333333 0.13768115942028986 0.21066666666666667
0 0.9210950080515298 0.5573333333333333 0.15619967793880837 0.18666666666666668
2 0.5547504025764896 0.43466666666666665 0.03784219001610306 0.18133333333333335
0 0.04508856682769726 0.604 0.09017713365539452 0.18133333333333335