0 0.4919484702093398 0.5426666666666666 0.04669887278582931 0.128
0 0.2673107890499195 0.6 0.14814814814814814 0.21333333333333335
0 0.31561996779388085 0.5813333333333334 0.11674718196457327 0.16533333333333333
0 0.35185185185185186 0.5386666666666666 0.07407407407407407 0.12
0 0.428341384863124 0.5533333333333333 0.05314009661835749 0.11466666666666667
1 0.6654589371980676 0.548 0.19162640901771336 0.5333333333333333
0 0.5801127214170693 0.5626666666666666 0.07246376811594203 0.16533333333333333
0 0.5603864734299517 0.548 0.05314009661835749 0.11733333333333333
0 0.5483091787439613 0.5173333333333333 0.03784219001610306 0.10666666666666667
0 0.5205314009661836 0.504 0.02254428341384863 0.058666666666666666
0 0.1139291465378422 0.6226666666666667 0.1497584541062802 0.21333333333333335
1 0.20813204508856684 0.544 0.12640901771336555 0.23733333333333334
0 0.49114331723027377 0.5186666666666667 0.03140096618357488 0.096
0 0.08655394524959742 0.56 0.09822866344605476 0.13333333333333333