1 0.15056360708534622 0.652 0.30112721417069244 0.6906666666666667
0 0.8236714975845411 0.748 0.35104669887278583 0.49866666666666665
0 0.6674718196457327 0.62 0.10547504025764895 0.2773333333333333
1 0.09822866344605476 0.516 0.1964573268921095 0.37333333333333335
0 0.6682769726247987 0.5386666666666666 0.0893719806763285 0.22133333333333333
1 0.5 0.488 0.03140096618357488 0.112
1 0.7250402576489533 0.4613333333333333 0.1392914653784219 0.17333333333333334
0 0.38768115942028986 0.5133333333333333 0.03784219001610306 0.08266666666666667
0 0.34057971014492755 0.49733333333333335 0.04669887278582931 0.11466666666666667
0 0.6010466988727858 0.492 0.0426731078904992 0.08266666666666667
1 0.5442834138486312 0.444 0.02254428341384863 0.08533333333333333
2 0.5136876006441223 0.428 0.02254428341384863 0.11733333333333333