0 0.09098228663446055 0.7426666666666667 0.1819645732689211 0.5093333333333333
0 0.11272141706924316 0.6733333333333333 0.22544283413848631 0.4053333333333333
0 0.15942028985507245 0.6253333333333333 0.27697262479871176 0.31733333333333336
0 0.1996779388083736 0.5866666666666667 0.17391304347826086 0.24266666666666667
0 0.2608695652173913 0.588 0.15942028985507245 0.2
0 0.2773752012882448 0.5666666666666667 0.15539452495974235 0.17333333333333334
0 0.322463768115942 0.5293333333333333 0.10950080515297907 0.14666666666666667
0 0.3385668276972625 0.52 0.11030595813204509 0.16533333333333333
5 0.44887278582930756 0.516 0.00966183574879227 0.08
0 0.6968599033816425 0.7106666666666667 0.178743961352657 0.39466666666666667
0 0.7644927536231884 0.588 0.1996779388083736 0.25333333333333335
0 0.677938808373591 0.5626666666666666 0.11674718196457327 0.16
0 0.6388888888888888 0.5466666666666666 0.107085346215781 0.13333333333333333
0 0.6199677938808373 0.5346666666666666 0.10064412238325282 0.10933333333333334
0 0.6135265700483091 0.5266666666666666 0.08373590982286634 0.12266666666666666
0 0.3852657004830918 0.52 0.0748792270531401 0.08266666666666667
0 0.39895330112721417 0.5146666666666667 0.0644122383252818 0.07466666666666667
0 0.5257648953301127 0.516 0.027375201288244767 0.06666666666666667
1 0.501610305958132 0.47333333333333333 0.012077294685990338 0.04533333333333334