3 0.7084006462035541 0.6978609625668449 0.07350565428109855 0.5802139037433155
3 0.16437802907915994 0.7018716577540107 0.08077544426494346 0.5909090909090909
3 0.046849757673667204 0.7072192513368984 0.09369951534733441 0.5802139037433155
3 0.9890953150242326 0.6590909090909091 0.020193861066235864 0.6764705882352942
3 0.505654281098546 0.517379679144385 0.034733441033925685 0.23529411764705882
3 0.6688206785137318 0.6550802139037433 0.035541195476575124 0.45454545454545453
3 0.6138933764135702 0.6149732620320856 0.04361873990306947 0.37967914438502676
3 0.592891760904685 0.5855614973262032 0.03231017770597738 0.3235294117647059
3 0.6635702746365105 0.5561497326203209 0.05735056542810985 0.31016042780748665
3 0.625605815831987 0.5949197860962567 0.025040387722132473 0.3181818181818182
3 0.6587237479806138 0.517379679144385 0.04281098546042003 0.24866310160427807
0 0.45718901453957994 0.49064171122994654 0.046849757673667204 0.12032085561497326