0 0.6876006441223832 0.6706666666666666 0.19243156199677938 0.408
0 0.07085346215780998 0.668 0.14170692431561996 0.28
0 0.9500805152979066 0.76 0.09822866344605476 0.4746666666666667
0 0.6078904991948471 0.568 0.08776167471819646 0.22133333333333333
0 0.3244766505636071 0.6106666666666667 0.09822866344605476 0.21066666666666667
0 0.36996779388083734 0.556 0.06602254428341385 0.17333333333333334
0 0.5615942028985508 0.5333333333333333 0.05152979066022544 0.136
0 0.40177133655394526 0.54 0.04750402576489533 0.13066666666666665
0 0.5535426731078905 0.52 0.04750402576489533 0.10133333333333333
1 0.5414653784219001 0.4706666666666667 0.04589371980676329 0.15733333333333333
0 0.5136876006441223 0.49333333333333335 0.01932367149758454 0.048
0 0.4388083735909823 0.5053333333333333 0.020128824476650563 0.042666666666666665