3 0.15217391304347827 0.49733333333333335 0.030595813204508857 0.13866666666666666
0 0.1566022544283414 0.47333333333333333 0.06360708534621579 0.15466666666666667
0 0.2069243156199678 0.492 0.06038647342995169 0.112
0 0.26529790660225444 0.48133333333333334 0.06843800322061191 0.09333333333333334
1 0.41626409017713367 0.4653333333333333 0.05958132045088567 0.10933333333333334
0 0.44041867954911434 0.4706666666666667 0.04508856682769726 0.072
0 0.4782608695652174 0.4653333333333333 0.04669887278582931 0.07466666666666667
0 0.5060386473429952 0.4746666666666667 0.050724637681159424 0.058666666666666666
0 0.5309983896940419 0.472 0.037037037037037035 0.058666666666666666
0 0.5499194847020934 0.472 0.04186795491143317 0.05333333333333334
0 0.572061191626409 0.468 0.04750402576489533 0.056
1 0.605475040257649 0.4493333333333333 0.04830917874396135 0.07733333333333334
0 0.6231884057971014 0.45866666666666667 0.0426731078904992 0.050666666666666665
0 0.6396940418679549 0.46 0.037037037037037035 0.04533333333333334