0 0.48348106365834004 0.5212765957446809 0.030620467365028204 0.09308510638297872
0 0.1442385173247381 0.7579787234042553 0.2884770346494762 0.4787234042553192
0 0.08662369057211926 0.6768617021276596 0.17324738114423852 0.3404255319148936
0 0.28283642224012895 0.5691489361702128 0.08138597904915391 0.14361702127659576
0 0.38033843674456086 0.5877659574468085 0.0789685737308622 0.1702127659574468
0 0.3408541498791297 0.535904255319149 0.0499597099113618 0.09840425531914894
0 0.4073327961321515 0.5345744680851063 0.040290088638195005 0.08776595744680851
1 0.435535858178888 0.48404255319148937 0.029814665592264304 0.11170212765957446
0 0.032232070910556 0.6196808510638298 0.064464141821112 0.23138297872340424
0 0.11402095084609186 0.586436170212766 0.13376309427880742 0.17553191489361702
0 0.24899274778404512 0.5425531914893617 0.06124093473005641 0.09308510638297872