3 0.7107843137254902 0.6486486486486487 0.05718954248366013 0.518918918918919
3 0.6323529411764706 0.5459459459459459 0.032679738562091505 0.3162162162162162
3 0.6409313725490197 0.5472972972972973 0.025326797385620915 0.3054054054054054
3 0.5408496732026143 0.4648648648648649 0.016339869281045753 0.16486486486486487
3 0.24632352941176472 0.5378378378378378 0.032679738562091505 0.327027027027027
3 0.3999183006535948 0.4891891891891892 0.01715686274509804 0.15405405405405406
3 0.414624183006536 0.4851351351351351 0.01715686274509804 0.16486486486486487
3 0.35375816993464054 0.4851351351351351 0.022058823529411766 0.21351351351351353
3 0.33905228758169936 0.47162162162162163 0.015522875816993464 0.1837837837837838
3 0.5126633986928104 0.45675675675675675 0.013888888888888888 0.14594594594594595
1 0.10947712418300654 0.49864864864864866 0.21895424836601307 0.9972972972972973