0 0.5148953301127214 0.5853333333333334 0.061996779388083734 0.19466666666666665
0 0.6578099838969405 0.5666666666666667 0.12077294685990338 0.19733333333333333
0 0.5946054750402576 0.5386666666666666 0.06843800322061191 0.11466666666666667
0 0.5696457326892109 0.5293333333333333 0.06038647342995169 0.08266666666666667
0 0.040257648953301126 0.6733333333333333 0.08051529790660225 0.24266666666666667
0 0.3502415458937198 0.56 0.05958132045088567 0.12
0 0.42954911433172305 0.524 0.030595813204508857 0.072
0 0.46537842190016104 0.5093333333333333 0.021739130434782608 0.05333333333333334
0 0.27938808373590984 0.568 0.07246376811594203 0.11466666666666667
0 0.3168276972624799 0.5413333333333333 0.04911433172302738 0.10933333333333334
0 0.36835748792270534 0.5266666666666666 0.03864734299516908 0.072
0 0.42069243156199676 0.5213333333333333 0.033816425120772944 0.050666666666666665
0 0.16908212560386474 0.56 0.07809983896940419 0.11733333333333333
0 0.16545893719806765 0.5386666666666666 0.07971014492753623 0.08533333333333333