0 0.8876811594202898 0.7666666666666667 0.22302737520128824 0.4613333333333333
0 0.19484702093397746 0.58 0.14090177133655393 0.18133333333333335
3 0.3333333333333333 0.5373333333333333 0.018518518518518517 0.17866666666666667
5 0.8438003220611916 0.564 0.10950080515297907 0.248
0 0.4927536231884058 0.5066666666666667 0.07648953301127215 0.10133333333333333
0 0.6839774557165862 0.49066666666666664 0.08293075684380032 0.08
1 0.9057971014492754 0.472 0.0893719806763285 0.10666666666666667
0 0.48148148148148145 0.504 0.05475040257648953 0.07733333333333334
0 0.2363123993558776 0.524 0.07648953301127215 0.09066666666666667
0 0.4677938808373591 0.49333333333333335 0.020128824476650563 0.04533333333333334
0 0.4355877616747182 0.496 0.024154589371980676 0.048