0 0.05958132045088567 0.78 0.11916264090177134 0.43466666666666665
0 0.30877616747181963 0.688 0.14814814814814814 0.33866666666666667
0 0.14774557165861513 0.7133333333333334 0.21336553945249598 0.368
5 0.7588566827697263 0.6973333333333334 0.1529790660225443 0.408
5 0.8639291465378421 0.7466666666666667 0.19243156199677938 0.5013333333333333
0 0.41545893719806765 0.5626666666666666 0.04830917874396135 0.136
0 0.4416264090177134 0.532 0.027375201288244767 0.08
1 0.45128824476650564 0.504 0.023349436392914653 0.088
0 0.5619967793880838 0.5413333333333333 0.08454106280193237 0.10933333333333334
0 0.5523349436392915 0.5293333333333333 0.0748792270531401 0.088
0 0.5277777777777778 0.5213333333333333 0.05636070853462158 0.07733333333333334
1 0.46296296296296297 0.5 0.016908212560386472 0.056
1 0.38164251207729466 0.5746666666666667 0.08373590982286634 0.24266666666666667