0 0.06239935587761675 0.772 0.1247987117552335 0.45066666666666666
0 0.1956521739130435 0.7466666666666667 0.27294685990338163 0.4826666666666667
0 0.9754428341384863 0.5346666666666666 0.04750402576489533 0.29333333333333333
0 0.8747987117552335 0.548 0.1280193236714976 0.24
0 0.7987117552334944 0.5346666666666666 0.107085346215781 0.20266666666666666
0 0.7620772946859904 0.5173333333333333 0.10305958132045089 0.16533333333333333
0 0.7302737520128825 0.5106666666666667 0.09822866344605476 0.14933333333333335
0 0.7049114331723028 0.5133333333333333 0.09581320450885668 0.12266666666666666
0 0.6127214170692431 0.5826666666666667 0.09420289855072464 0.24
0 0.5809178743961353 0.552 0.05877616747181964 0.14133333333333334
0 0.3824476650563607 0.5626666666666666 0.07809983896940419 0.176
1 0.41264090177133655 0.5226666666666666 0.06038647342995169 0.168
0 0.6308373590982287 0.48933333333333334 0.07004830917874397 0.10133333333333333
2 0.5177133655394525 0.45466666666666666 0.04750402576489533 0.16266666666666665