0 0.4693795326349718 0.5412234042553191 0.043513295729250605 0.13031914893617022
0 0.12530217566478646 0.7367021276595744 0.2506043513295729 0.5212765957446809
0 0.21595487510072522 0.5797872340425532 0.11925866236905722 0.2127659574468085
0 0.38477034649476227 0.5678191489361702 0.0749395648670427 0.18617021276595744
0 0.3211120064464142 0.538563829787234 0.0531829170024174 0.10372340425531915
0 0.18654311039484286 0.5545212765957447 0.0854149879129734 0.1276595744680851
0 0.4137792103142627 0.5292553191489362 0.038678485092667206 0.09308510638297872
0 0.4331184528605963 0.5146276595744681 0.0257856567284448 0.061170212765957445
1 0.4443996776792909 0.48138297872340424 0.016921837228041903 0.07180851063829788
0 0.28968573730862207 0.523936170212766 0.045124899274778404 0.08244680851063829
0 0.031829170024174055 0.6103723404255319 0.06365834004834811 0.2047872340425532