3 0.9098228663446055 0.588 0.07648953301127215 0.512
5 0.22946859903381642 0.6866666666666666 0.09500805152979067 0.49866666666666665
0 0.7709339774557166 0.7213333333333334 0.2721417069243156 0.552
0 0.6328502415458938 0.588 0.1247987117552335 0.33866666666666667
0 0.5881642512077294 0.5386666666666666 0.08132045088566828 0.23466666666666666
0 0.5660225442834138 0.5293333333333333 0.050724637681159424 0.14933333333333335
3 0.5309983896940419 0.47733333333333333 0.008051529790660225 0.09866666666666667
3 0.53341384863124 0.4786666666666667 0.011272141706924315 0.096
0 0.4392109500805153 0.4826666666666667 0.023349436392914653 0.07733333333333334
3 0.48792270531400966 0.47733333333333333 0.00644122383252818 0.064
0 0.37721417069243157 0.5306666666666666 0.050724637681159424 0.11733333333333333
0 0.03462157809983897 0.7813333333333333 0.06924315619967794 0.432
0 0.12681159420289856 0.7426666666666667 0.2536231884057971 0.45866666666666667
0 0.2673107890499195 0.6226666666666667 0.13526570048309178 0.264
0 0.3309178743961353 0.5573333333333333 0.08293075684380032 0.184