3 0.9624394184168013 0.6229946524064172 0.07350565428109855 0.7486631016042781
3 0.9353796445880452 0.6136363636363636 0.12762520193861066 0.767379679144385
4 0.23707592891760904 0.7967914438502673 0.11389337641357028 0.40106951871657753
3 0.4034733441033926 0.6016042780748663 0.03796445880452343 0.35561497326203206
3 0.3719709208400646 0.6163101604278075 0.04119547657512116 0.3502673796791444
3 0.5084814216478191 0.5267379679144385 0.024232633279483037 0.21122994652406418
3 0.5109046849757674 0.49732620320855614 0.024232633279483037 0.15240641711229946
3 0.5488691437802908 0.5267379679144385 0.01615508885298869 0.20588235294117646
3 0.5949111470113085 0.4946524064171123 0.01615508885298869 0.17379679144385027
0 0.4648626817447496 0.4799465240641711 0.027463651050080775 0.07219251336898395
3 0.35137318255250405 0.5427807486631016 0.022617124394184167 0.20855614973262032
3 0.5726978998384491 0.5147058823529411 0.017770597738287562 0.17647058823529413