0 0.9468954248366013 0.5675675675675675 0.10457516339869281 0.13783783783783785
0 0.8941993464052288 0.5635135135135135 0.10212418300653595 0.13243243243243244
0 0.8259803921568627 0.5621621621621622 0.09477124183006536 0.14324324324324325
0 0.5061274509803921 0.5067567567567568 0.027777777777777776 0.08108108108108109
3 0.16339869281045752 0.4743243243243243 0.013888888888888888 0.12972972972972974
3 0.21160130718954248 0.5027027027027027 0.017973856209150325 0.17297297297297298
5 0.5494281045751634 0.5297297297297298 0.04738562091503268 0.24324324324324326
3 0.20261437908496732 0.4810810810810811 0.013888888888888888 0.13243243243243244
3 0.372140522875817 0.5716216216216217 0.029411764705882353 0.2945945945945946
3 0.40645424836601307 0.5621621621621622 0.05718954248366013 0.2810810810810811
3 0.44199346405228757 0.572972972972973 0.03839869281045752 0.31351351351351353
3 0.6527777777777778 0.6270270270270271 0.051470588235294115 0.44594594594594594
3 0.6613562091503268 0.6148648648648649 0.05718954248366013 0.3972972972972973
3 0.48447712418300654 0.6432432432432432 0.04738562091503268 0.42162162162162165
3 0.5106209150326797 0.6189189189189189 0.0457516339869281 0.3972972972972973
3 0.5506535947712419 0.6108108108108108 0.03758169934640523 0.34864864864864864
3 0.39419934640522875 0.5891891891891892 0.032679738562091505 0.33513513513513515