1 0.6151368760064412 0.5693333333333334 0.0853462157809984 0.304
0 0.35466988727858295 0.612 0.1280193236714976 0.21333333333333335
0 0.2584541062801932 0.58 0.1473429951690821 0.264
0 0.5205314009661836 0.5346666666666666 0.05394524959742351 0.13866666666666666
0 0.9001610305958132 0.588 0.16908212560386474 0.24266666666666667
0 0.6610305958132046 0.49333333333333335 0.03864734299516908 0.112
1 0.7024959742351047 0.45866666666666667 0.04589371980676329 0.13866666666666666
0 0.9524959742351047 0.5586666666666666 0.09339774557165861 0.25333333333333335
2 0.6533816425120773 0.43333333333333335 0.04508856682769726 0.19466666666666665
0 0.10628019323671498 0.612 0.1682769726247987 0.192
0 0.035829307568438 0.6093333333333333 0.071658615136876 0.14933333333333335