3 0.5351307189542484 0.47297297297297297 0.01715686274509804 0.15675675675675677
3 0.24468954248366012 0.5364864864864864 0.031862745098039214 0.327027027027027
3 0.7197712418300654 0.7472972972972973 0.07434640522875817 0.5
3 0.7908496732026143 0.727027027027027 0.08741830065359477 0.5405405405405406
3 0.505718954248366 0.4851351351351351 0.028594771241830064 0.1810810810810811
3 0.5265522875816994 0.5391891891891892 0.031862745098039214 0.327027027027027
3 0.5224673202614379 0.5162162162162162 0.027777777777777776 0.2918918918918919
3 0.48284313725490197 0.5405405405405406 0.031862745098039214 0.32432432432432434
3 0.46200980392156865 0.5364864864864864 0.032679738562091505 0.33513513513513515
3 0.4305555555555556 0.47702702702702704 0.02369281045751634 0.1783783783783784
3 0.4485294117647059 0.4689189189189189 0.016339869281045753 0.1891891891891892
3 0.4223856209150327 0.47162162162162163 0.017973856209150325 0.17297297297297298
3 0.4019607843137255 0.4756756756756757 0.017973856209150325 0.1837837837837838
3 0.3382352941176471 0.4756756756756757 0.0196078431372549 0.1837837837837838
3 0.3574346405228758 0.4810810810810811 0.016339869281045753 0.15945945945945947
3 0.377859477124183 0.47297297297297297 0.01715686274509804 0.1837837837837838
1 0.10947712418300654 0.49864864864864866 0.21895424836601307 0.9972972972972973