0 0.06884057971014493 0.7666666666666667 0.13768115942028986 0.4613333333333333
1 0.9219001610305958 0.5306666666666666 0.15458937198067632 0.4266666666666667
0 0.23389694041867956 0.708 0.19404186795491143 0.4
0 0.33172302737520126 0.604 0.11513687600644122 0.232
0 0.8349436392914654 0.5093333333333333 0.10144927536231885 0.192
0 0.748389694041868 0.5173333333333333 0.09259259259259259 0.15733333333333333
0 0.7065217391304348 0.5133333333333333 0.07809983896940419 0.13866666666666666
0 0.6884057971014492 0.5106666666666667 0.07809983896940419 0.12
0 0.6719001610305958 0.49866666666666665 0.07648953301127215 0.11466666666666667
0 0.57085346215781 0.5493333333333333 0.06038647342995169 0.16
0 0.4078099838969404 0.5333333333333333 0.05475040257648953 0.128
1 0.4247181964573269 0.508 0.04589371980676329 0.13066666666666665
0 0.605877616747182 0.488 0.057971014492753624 0.08533333333333333
2 0.5112721417069244 0.452 0.04186795491143317 0.14133333333333334