0 0.15982286634460546 0.7586666666666667 0.3196457326892109 0.47733333333333333
0 0.57085346215781 0.556 0.07971014492753623 0.184
0 0.856280193236715 0.7653333333333333 0.285829307568438 0.464
0 0.2431561996779388 0.7066666666666667 0.21497584541062803 0.42933333333333334
3 0.1638486312399356 0.6346666666666667 0.040257648953301126 0.44266666666666665
3 0.21900161030595813 0.596 0.023349436392914653 0.328
0 0.4323671497584541 0.5146666666666667 0.036231884057971016 0.10666666666666667
0 0.53341384863124 0.5106666666666667 0.043478260869565216 0.10933333333333334
3 0.22987117552334943 0.628 0.023349436392914653 0.336
0 0.4464573268921095 0.5 0.024154589371980676 0.06666666666666667
0 0.5140901771336553 0.488 0.02254428341384863 0.08