0 0.03260869565217391 0.7026666666666667 0.06521739130434782 0.36
0 0.12238325281803543 0.6186666666666667 0.18840579710144928 0.24533333333333332
0 0.19001610305958133 0.5773333333333334 0.1529790660225443 0.19733333333333333
0 0.22826086956521738 0.5706666666666667 0.1392914653784219 0.15733333333333333
0 0.26570048309178745 0.5426666666666666 0.12399355877616747 0.15733333333333333
0 0.2966988727858293 0.5453333333333333 0.0966183574879227 0.12266666666666666
0 0.31239935587761675 0.532 0.08454106280193237 0.09866666666666667
0 0.3280998389694042 0.5333333333333333 0.06763285024154589 0.104
0 0.3498389694041868 0.5293333333333333 0.06924315619967794 0.08
0 0.3607085346215781 0.5066666666666667 0.06038647342995169 0.09066666666666667
0 0.3743961352657005 0.5106666666666667 0.05958132045088567 0.08
0 0.38405797101449274 0.508 0.05555555555555555 0.072