0 0.894927536231884 0.72 0.20853462157809985 0.5546666666666666
0 0.1252012882447665 0.6493333333333333 0.250402576489533 0.49066666666666664
0 0.05837359098228664 0.736 0.11674718196457327 0.5226666666666666
0 0.7588566827697263 0.7586666666666667 0.2648953301127214 0.47733333333333333
0 0.13486312399355876 0.6186666666666667 0.24235104669887278 0.36533333333333334
0 0.214170692431562 0.6146666666666667 0.1892109500805153 0.256
0 0.24396135265700483 0.5893333333333334 0.18760064412238325 0.22933333333333333
0 0.3289049919484702 0.5506666666666666 0.1143317230273752 0.136
0 0.3603059581320451 0.5306666666666666 0.08776167471819646 0.136
0 0.5603864734299517 0.556 0.04911433172302738 0.12533333333333332
0 0.6364734299516909 0.64 0.11996779388083736 0.2826666666666667
0 0.537842190016103 0.524 0.033011272141706925 0.096
0 0.38768115942028986 0.524 0.07407407407407407 0.09066666666666667