0 0.49557165861513686 0.528 0.033816425120772944 0.10666666666666667
0 0.061191626409017714 0.6386666666666667 0.12238325281803543 0.24266666666666667
0 0.16344605475040258 0.58 0.12721417069243157 0.18133333333333335
0 0.6670692431561996 0.5706666666666667 0.12640901771336555 0.22133333333333333
0 0.643719806763285 0.5533333333333333 0.11594202898550725 0.176
0 0.6022544283413849 0.5453333333333333 0.09822866344605476 0.13866666666666666
0 0.5853462157809984 0.532 0.08373590982286634 0.13066666666666665
0 0.5805152979066023 0.5213333333333333 0.07729468599033816 0.10666666666666667
0 0.5684380032206119 0.5146666666666667 0.06924315619967794 0.10133333333333333
0 0.44001610305958133 0.5 0.014492753623188406 0.037333333333333336
0 0.535829307568438 0.5 0.039452495974235106 0.050666666666666665
1 0.5281803542673108 0.48533333333333334 0.03542673107890499 0.05333333333333334
0 0.4110305958132045 0.49866666666666665 0.017713365539452495 0.042666666666666665