0 0.6521739130434783 0.5946666666666667 0.107085346215781 0.224
0 0.533816425120773 0.492 0.05555555555555555 0.064
3 0.40499194847020936 0.512 0.00966183574879227 0.112
5 0.6972624798711755 0.524 0.050724637681159424 0.13066666666666665
0 0.6819645732689211 0.4786666666666667 0.05475040257648953 0.06933333333333333
0 0.8192431561996779 0.4706666666666667 0.07326892109500806 0.06666666666666667
1 0.9685990338164251 0.4613333333333333 0.061191626409017714 0.08533333333333333
0 0.3256843800322061 0.5106666666666667 0.05152979066022544 0.06666666666666667
0 0.2278582930756844 0.5146666666666667 0.043478260869565216 0.06133333333333333
0 0.4859098228663446 0.488 0.017713365539452495 0.04
0 0.4585346215780998 0.488 0.020128824476650563 0.04