0 0.501207729468599 0.536 0.0499194847020934 0.15733333333333333
0 0.9066022544283414 0.736 0.18518518518518517 0.5226666666666666
0 0.787842190016103 0.664 0.20531400966183574 0.416
0 0.714975845410628 0.5706666666666667 0.15136876006441224 0.288
1 0.6239935587761675 0.5093333333333333 0.1215780998389694 0.21066666666666667
0 0.5857487922705314 0.5106666666666667 0.0821256038647343 0.11466666666666667
0 0.5535426731078905 0.4866666666666667 0.050724637681159424 0.06933333333333333
0 0.24154589371980675 0.5346666666666666 0.08373590982286634 0.13866666666666666
1 0.38727858293075684 0.47333333333333333 0.05233494363929147 0.15466666666666667
0 0.2926731078904992 0.5253333333333333 0.0571658615136876 0.10666666666666667
0 0.3321256038647343 0.5173333333333333 0.04186795491143317 0.072
0 0.38446054750402575 0.492 0.029790660225442835 0.05333333333333334
0 0.23309178743961353 0.52 0.04669887278582931 0.088