3 0.8154281098546042 0.7085561497326203 0.1752827140549273 0.5775401069518716
3 0.45718901453957994 0.5641711229946524 0.033117932148626815 0.2727272727272727
3 0.747172859450727 0.7286096256684492 0.05977382875605816 0.5374331550802139
3 0.6510500807754442 0.696524064171123 0.048465266558966075 0.48663101604278075
3 0.6070274636510501 0.6537433155080213 0.049273021001615507 0.3983957219251337
3 0.7092084006462036 0.6096256684491979 0.03796445880452343 0.37433155080213903
3 0.6288368336025848 0.5935828877005348 0.06058158319870759 0.31016042780748665
3 0.6882067851373183 0.6671122994652406 0.04765751211631664 0.393048128342246
3 0.6740710823909531 0.5748663101604278 0.05896607431340872 0.2887700534759358
3 0.6631663974151858 0.6283422459893048 0.05815831987075929 0.35294117647058826
0 0.45718901453957994 0.536096256684492 0.05411954765751212 0.13903743315508021