0 0.49476650563607083 0.548 0.04428341384863124 0.12
0 0.08574879227053141 0.7493333333333333 0.17149758454106281 0.496
0 0.20330112721417068 0.676 0.1996779388083736 0.38133333333333336
0 0.32971014492753625 0.5773333333333334 0.12560386473429952 0.17866666666666667
0 0.357085346215781 0.56 0.09742351046698873 0.15733333333333333
0 0.38486312399355876 0.5333333333333333 0.07568438003220612 0.10666666666666667
1 0.40660225442834136 0.492 0.0861513687600644 0.15466666666666667
0 0.8904991948470209 0.7093333333333334 0.21739130434782608 0.576
3 0.6099033816425121 0.5613333333333334 0.024154589371980676 0.17866666666666667
0 0.8248792270531401 0.5786666666666667 0.17632850241545894 0.22133333333333333
0 0.49074074074074076 0.5253333333333333 0.027375201288244767 0.08266666666666667
0 0.05998389694041868 0.652 0.11996779388083736 0.30933333333333335
1 0.9424315619967794 0.544 0.11352657004830918 0.31733333333333336
0 0.17673107890499196 0.5266666666666666 0.08695652173913043 0.12533333333333332
0 0.23349436392914655 0.5226666666666666 0.05475040257648953 0.08
2 0.3357487922705314 0.48 0.04750402576489533 0.112