3 0.573937908496732 0.4810810810810811 0.013071895424836602 0.15675675675675677
3 0.23733660130718953 0.5175675675675676 0.03594771241830065 0.32432432432432434
3 0.8872549019607843 0.6918918918918919 0.08823529411764706 0.6108108108108108
3 0.8815359477124183 0.668918918918919 0.136437908496732 0.6567567567567567
3 0.8002450980392157 0.6891891891891891 0.10212418300653595 0.6162162162162163
3 0.8717320261437909 0.677027027027027 0.21977124183006536 0.6405405405405405
3 0.4987745098039216 0.5297297297297298 0.032679738562091505 0.2918918918918919
3 0.5355392156862745 0.5121621621621621 0.03104575163398693 0.3054054054054054
3 0.4783496732026144 0.5 0.025326797385620915 0.24324324324324326
3 0.45751633986928103 0.5027027027027027 0.026143790849673203 0.24864864864864866
3 0.5241013071895425 0.49324324324324326 0.031862745098039214 0.20270270270270271
3 0.37540849673202614 0.5067567567567568 0.02369281045751634 0.25405405405405407
3 0.39950980392156865 0.5081081081081081 0.0196078431372549 0.21351351351351353
3 0.4207516339869281 0.4891891891891892 0.02369281045751634 0.23783783783783785
3 0.4456699346405229 0.5121621621621621 0.0196078431372549 0.1972972972972973
1 0.10947712418300654 0.49864864864864866 0.21895424836601307 0.9972972972972973