1 0.427938808373591 0.544 0.06843800322061191 0.248
1 0.8904991948470209 0.4746666666666667 0.21739130434782608 0.43466666666666665
0 0.19122383252818034 0.596 0.12640901771336555 0.19733333333333333
0 0.08091787439613526 0.5733333333333334 0.16183574879227053 0.264
0 0.3522544283413849 0.5186666666666667 0.05394524959742351 0.12533333333333332
0 0.6364734299516909 0.5453333333333333 0.09903381642512077 0.17333333333333334
0 0.47665056360708535 0.48133333333333334 0.03140096618357488 0.09866666666666667
1 0.5165056360708534 0.456 0.03542673107890499 0.12266666666666666
0 0.7012882447665056 0.524 0.10547504025764895 0.18133333333333335
0 0.7818035426731079 0.536 0.12640901771336555 0.15466666666666667
2 0.4714170692431562 0.43733333333333335 0.03462157809983897 0.17333333333333334