0 0.4963768115942029 0.5266666666666666 0.039452495974235106 0.12266666666666666
0 0.3252818035426731 0.552 0.06280193236714976 0.11733333333333333
0 0.679549114331723 0.572 0.1537842190016103 0.24
0 0.607487922705314 0.5386666666666666 0.10547504025764895 0.14666666666666667
0 0.5978260869565217 0.524 0.0861513687600644 0.12533333333333332
0 0.5897745571658615 0.508 0.07326892109500806 0.11733333333333333
1 0.5611916264090178 0.49066666666666664 0.06924315619967794 0.10933333333333334
0 0.5491143317230274 0.496 0.05394524959742351 0.072
0 0.33413848631239934 0.508 0.04186795491143317 0.08266666666666667
1 0.4424315619967794 0.464 0.024154589371980676 0.07466666666666667
0 0.35668276972624796 0.5026666666666667 0.033011272141706925 0.06933333333333333
0 0.4037842190016103 0.49066666666666664 0.020933977455716585 0.04
0 0.30958132045088566 0.5013333333333333 0.026570048309178744 0.06133333333333333
0 0.11755233494363929 0.5093333333333333 0.0322061191626409 0.06933333333333333