0 0.355475040257649 0.6453333333333333 0.1247987117552335 0.31733333333333336
0 0.8522544283413849 0.792 0.2938808373590982 0.4106666666666667
0 0.6545893719806763 0.6853333333333333 0.1473429951690821 0.37866666666666665
0 0.5825281803542673 0.6186666666666667 0.0861513687600644 0.22666666666666666
0 0.3961352657004831 0.5973333333333334 0.06924315619967794 0.19733333333333333
0 0.4134460547504026 0.568 0.05475040257648953 0.13866666666666666
0 0.5555555555555556 0.568 0.057971014492753624 0.14933333333333335
0 0.534621578099839 0.556 0.043478260869565216 0.11733333333333333
0 0.43800322061191627 0.5386666666666666 0.030595813204508857 0.08533333333333333
0 0.45410628019323673 0.5173333333333333 0.027375201288244767 0.09066666666666667
0 0.463768115942029 0.5173333333333333 0.0249597423510467 0.07466666666666667