0 0.8832528180354268 0.6533333333333333 0.2318840579710145 0.688
1 0.20330112721417068 0.6186666666666667 0.40660225442834136 0.7573333333333333
3 0.6461352657004831 0.528 0.02576489533011272 0.18666666666666668
5 0.4037842190016103 0.548 0.02254428341384863 0.16533333333333333
5 0.4178743961352657 0.524 0.015297906602254429 0.13066666666666665
0 0.10024154589371981 0.7626666666666667 0.20048309178743962 0.4693333333333333
0 0.5776972624798712 0.56 0.06280193236714976 0.168
0 0.5535426731078905 0.5306666666666666 0.050724637681159424 0.14666666666666667
3 0.49476650563607083 0.4826666666666667 0.008051529790660225 0.072
3 0.499194847020934 0.48533333333333334 0.007246376811594203 0.06933333333333333
0 0.44605475040257647 0.488 0.017713365539452495 0.06133333333333333