0 0.9919484702093397 0.7573333333333333 0.014492753623188406 0.48
0 0.1324476650563607 0.7733333333333333 0.2648953301127214 0.448
0 0.24154589371980675 0.7586666666666667 0.21256038647342995 0.36533333333333334
0 0.6863929146537843 0.6866666666666666 0.1956521739130435 0.392
0 0.7524154589371981 0.5413333333333333 0.16747181964573268 0.17066666666666666
0 0.38727858293075684 0.552 0.05958132045088567 0.13866666666666666
0 0.5652173913043478 0.5466666666666666 0.05475040257648953 0.13866666666666666
1 0.40217391304347827 0.5106666666666667 0.0499194847020934 0.15733333333333333
0 0.5479066022544283 0.5333333333333333 0.04750402576489533 0.11466666666666667
1 0.30112721417069244 0.484 0.1215780998389694 0.14933333333333335
1 0.4891304347826087 0.476 0.020128824476650563 0.06933333333333333
1 0.6227858293075684 0.45866666666666667 0.07890499194847021 0.10133333333333333