3 0.6433764135702746 0.68048128342246 0.05573505654281099 0.47593582887700536
3 0.7023424878836834 0.6631016042780749 0.06785137318255251 0.48663101604278075
3 0.04038772213247173 0.6938502673796791 0.0630048465266559 0.48663101604278075
3 0.3154281098546042 0.5922459893048129 0.03877221324717286 0.29411764705882354
3 0.5460420032310178 0.5494652406417112 0.021809369951534735 0.20320855614973263
3 0.7067851373182552 0.5762032085561497 0.06704361873990307 0.31016042780748665
3 0.9151857835218093 0.5828877005347594 0.07189014539579967 0.4117647058823529
3 0.8352180936995154 0.5641711229946524 0.0395799676898223 0.3235294117647059
3 0.3651050080775444 0.5655080213903744 0.02665589660743134 0.20053475935828877
3 0.3384491114701131 0.5641711229946524 0.025848142164781908 0.20588235294117646
3 0.9632471728594507 0.5748663101604278 0.0630048465266559 0.39037433155080214
0 0.4422455573505654 0.4919786096256685 0.025848142164781908 0.0855614973262032
0 0.37075928917609047 0.517379679144385 0.06623586429725363 0.18449197860962566
1 0.3949919224555735 0.5080213903743316 0.0420032310177706 0.14171122994652408