0 0.2830112721417069 0.7333333333333333 0.1819645732689211 0.4106666666666667
0 0.1139291465378422 0.772 0.2278582930756844 0.45066666666666666
5 0.8611111111111112 0.7533333333333333 0.2037037037037037 0.488
5 0.9303542673107891 0.76 0.13768115942028986 0.4746666666666667
0 0.41626409017713367 0.576 0.050724637681159424 0.14666666666666667
0 0.4444444444444444 0.5533333333333333 0.029790660225442835 0.09066666666666667
1 0.4537037037037037 0.516 0.02576489533011272 0.096
0 0.572061191626409 0.5506666666666666 0.0893719806763285 0.11733333333333333
0 0.5599838969404187 0.5426666666666666 0.07809983896940419 0.09066666666666667
0 0.535829307568438 0.528 0.057971014492753624 0.08
1 0.4665861513687601 0.5093333333333333 0.017713365539452495 0.058666666666666666
1 0.3780193236714976 0.5946666666666667 0.09259259259259259 0.26666666666666666