0 0.5410628019323671 0.5146666666666667 0.030595813204508857 0.07733333333333334
1 0.394524959742351 0.496 0.08776167471819646 0.11733333333333333
0 0.39049919484702095 0.5213333333333333 0.0853462157809984 0.09066666666666667
0 0.35668276972624796 0.54 0.10950080515297907 0.12533333333333332
0 0.34500805152979064 0.5493333333333333 0.11191626409017713 0.136
0 0.32045088566827695 0.5613333333333334 0.11835748792270531 0.15733333333333333
0 0.2318840579710145 0.5946666666666667 0.15780998389694043 0.21333333333333335
0 0.1956521739130435 0.616 0.214170692431562 0.24266666666666667
0 0.09420289855072464 0.7333333333333333 0.18840579710144928 0.424
0 0.8252818035426731 0.7293333333333333 0.34782608695652173 0.536
2 0.5285829307568438 0.4826666666666667 0.03140096618357488 0.09066666666666667