0 0.10386473429951691 0.768 0.20772946859903382 0.45866666666666667
0 0.9315619967793881 0.4493333333333333 0.13526570048309178 0.304
0 0.9939613526570048 0.42533333333333334 0.010466988727858293 0.14933333333333335
0 0.35104669887278583 0.6 0.09178743961352658 0.18933333333333333
0 0.25966183574879226 0.6746666666666666 0.18276972624798712 0.344
0 0.6252012882447665 0.5266666666666666 0.06843800322061191 0.144
0 0.39533011272141705 0.5573333333333333 0.06038647342995169 0.14133333333333334
0 0.4255233494363929 0.5426666666666666 0.03864734299516908 0.10133333333333333
0 0.43397745571658614 0.5346666666666666 0.03462157809983897 0.088
0 0.5374396135265701 0.524 0.03462157809983897 0.096
0 0.6340579710144928 0.512 0.0998389694041868 0.11466666666666667
0 0.5748792270531401 0.508 0.0426731078904992 0.07733333333333334
0 0.5414653784219001 0.472 0.036231884057971016 0.037333333333333336
0 0.4476650563607085 0.48133333333333334 0.030595813204508857 0.034666666666666665