0 0.4915458937198068 0.5053333333333333 0.01932367149758454 0.06133333333333333
0 0.8429951690821256 0.7466666666666667 0.31239935587761675 0.5013333333333333
0 0.44565217391304346 0.524 0.029790660225442835 0.08
0 0.6207729468599034 0.6 0.09500805152979067 0.22933333333333333
0 0.5821256038647343 0.5626666666666666 0.07246376811594203 0.18666666666666668
0 0.5644122383252818 0.5373333333333333 0.04911433172302738 0.152
0 0.5426731078904992 0.524 0.037037037037037035 0.096
0 0.5245571658615137 0.504 0.020933977455716585 0.064
0 0.35628019323671495 0.5173333333333333 0.04669887278582931 0.058666666666666666
0 0.2946859903381642 0.52 0.05314009661835749 0.06133333333333333
3 0.6115136876006442 0.5106666666666667 0.016908212560386472 0.15733333333333333