1 0.1501610305958132 0.5106666666666667 0.3003220611916264 0.9733333333333334
3 0.6904186795491143 0.536 0.03140096618357488 0.24266666666666667
5 0.3466183574879227 0.6026666666666667 0.043478260869565216 0.27466666666666667
5 0.38486312399355876 0.5453333333333333 0.024154589371980676 0.18133333333333335
0 0.6038647342995169 0.5813333333333334 0.0893719806763285 0.232
0 0.5660225442834138 0.54 0.06360708534621579 0.18666666666666668
0 0.5483091787439613 0.5186666666666667 0.04911433172302738 0.152
3 0.5020128824476651 0.48 0.00966183574879227 0.08
3 0.5052334943639292 0.484 0.00966183574879227 0.07733333333333334
0 0.4384057971014493 0.484 0.01932367149758454 0.06666666666666667
0 0.3969404186795491 0.5146666666666667 0.03462157809983897 0.09066666666666667
0 0.20330112721417068 0.6826666666666666 0.19484702093397746 0.3333333333333333
0 0.30193236714975846 0.5946666666666667 0.09742351046698873 0.20533333333333334