3 0.6563004846526656 0.7152406417112299 0.06785137318255251 0.5641711229946524
3 0.7382875605815832 0.6991978609625669 0.0864297253634895 0.5962566844919787
3 0.19143780290791598 0.713903743315508 0.061389337641357025 0.5427807486631016
3 0.531502423263328 0.5614973262032086 0.023424878836833602 0.24598930481283424
3 0.5961227786752827 0.5467914438502673 0.025040387722132473 0.21122994652406418
3 0.9301292407108239 0.5588235294117647 0.06462035541195477 0.31283422459893045
3 0.9309369951534734 0.5280748663101604 0.061389337641357025 0.2914438502673797
3 0.7459612277867528 0.5307486631016043 0.030694668820678513 0.22727272727272727
3 0.44870759289176093 0.5294117647058824 0.012116316639741519 0.12299465240641712
0 0.4063004846526656 0.516042780748663 0.05250403877221325 0.15240641711229946
1 0.43376413570274636 0.5 0.050080775444264945 0.10427807486631016