0 0.8502415458937198 0.772 0.29790660225442833 0.45066666666666666
0 0.6235909822866345 0.6026666666666667 0.10869565217391304 0.288
0 0.16666666666666666 0.62 0.2576489533011272 0.2906666666666667
0 0.23349436392914655 0.5853333333333334 0.18679549114331723 0.24
0 0.24758454106280192 0.552 0.14412238325281804 0.24533333333333332
0 0.27697262479871176 0.56 0.12077294685990338 0.15466666666666667
0 0.3321256038647343 0.5426666666666666 0.10628019323671498 0.136
0 0.3534621578099839 0.54 0.09742351046698873 0.13066666666666665
0 0.35426731078904994 0.5186666666666667 0.07809983896940419 0.128
0 0.3639291465378422 0.5173333333333333 0.09581320450885668 0.11733333333333333
0 0.3973429951690821 0.48133333333333334 0.061996779388083734 0.096
5 0.46578099838969406 0.48533333333333334 0.005636070853462158 0.048
0 0.5519323671497585 0.5346666666666666 0.04186795491143317 0.10933333333333334
0 0.5140901771336553 0.488 0.018518518518518517 0.048