0 0.5644122383252818 0.5533333333333333 0.0571658615136876 0.14666666666666667
0 0.14371980676328502 0.7746666666666666 0.28743961352657005 0.44533333333333336
0 0.8027375201288245 0.54 0.20772946859903382 0.19733333333333333
0 0.750402576489533 0.49733333333333335 0.16022544283413848 0.21066666666666667
0 0.355475040257649 0.5546666666666666 0.05394524959742351 0.128
0 0.25925925925925924 0.6226666666666667 0.10789049919484701 0.20533333333333334
0 0.6807568438003221 0.5026666666666667 0.1143317230273752 0.13333333333333333
0 0.394122383252818 0.5306666666666666 0.03542673107890499 0.08266666666666667
0 0.9114331723027376 0.45866666666666667 0.10547504025764895 0.112
0 0.8719806763285024 0.456 0.0998389694041868 0.09066666666666667
1 0.9690016103059581 0.43466666666666665 0.06038647342995169 0.168