0 0.7568438003220612 0.5493333333333333 0.2616747181964573 0.304
0 0.9581320450885669 0.44266666666666665 0.0821256038647343 0.11466666666666667
0 0.9408212560386473 0.448 0.11352657004830918 0.10666666666666667
0 0.3446054750402576 0.568 0.06521739130434782 0.16
0 0.41867954911433175 0.548 0.05636070853462158 0.14133333333333334
0 0.67914653784219 0.4613333333333333 0.10064412238325282 0.12533333333333332
0 0.7685185185185185 0.448 0.050724637681159424 0.09066666666666667
1 0.8590982286634461 0.4266666666666667 0.05877616747181964 0.10666666666666667
0 0.8011272141706924 0.45066666666666666 0.05555555555555555 0.08266666666666667
0 0.3711755233494364 0.5506666666666666 0.05555555555555555 0.12
0 0.534621578099839 0.504 0.033816425120772944 0.07733333333333334
0 0.4887278582930757 0.5093333333333333 0.023349436392914653 0.06133333333333333