1 0.107085346215781 0.64 0.214170692431562 0.7146666666666667
0 0.8534621578099839 0.7506666666666667 0.2914653784219002 0.49333333333333335
0 0.7093397745571659 0.6546666666666666 0.1529790660225443 0.36533333333333334
1 0.06561996779388084 0.5306666666666666 0.13123993558776167 0.45866666666666667
0 0.6823671497584541 0.536 0.09822866344605476 0.264
1 0.4919484702093398 0.49066666666666664 0.033816425120772944 0.12
1 0.7338969404186796 0.444 0.15056360708534622 0.18666666666666668
0 0.3711755233494364 0.5133333333333333 0.043478260869565216 0.09066666666666667
0 0.31843800322061194 0.49466666666666664 0.05152979066022544 0.12266666666666666
0 0.5990338164251208 0.492 0.04669887278582931 0.088
1 0.5374396135265701 0.44133333333333336 0.024154589371980676 0.088
2 0.5064412238325282 0.428 0.023349436392914653 0.12266666666666666
0 0.22544283413848631 0.512 0.06360708534621579 0.09333333333333334