3 0.8993558776167472 0.608 0.10305958132045089 0.5013333333333333
0 0.9041867954911433 0.756 0.19001610305958133 0.4826666666666667
0 0.7644927536231884 0.6973333333333334 0.21900161030595813 0.4
0 0.2749597423510467 0.672 0.1819645732689211 0.37066666666666664
0 0.3643317230273752 0.608 0.09017713365539452 0.216
0 0.644927536231884 0.5946666666666667 0.10064412238325282 0.216
0 0.4106280193236715 0.552 0.057971014492753624 0.16266666666666665
0 0.46256038647342995 0.5306666666666666 0.0499194847020934 0.112
0 0.6042673107890499 0.5453333333333333 0.04669887278582931 0.144
0 0.5471014492753623 0.5146666666666667 0.04508856682769726 0.08
2 0.6582125603864735 0.436 0.03864734299516908 0.10133333333333333