0 0.8731884057971014 0.7133333333333334 0.25201288244766507 0.568
0 0.7073268921095008 0.7 0.21336553945249598 0.41333333333333333
0 0.5849436392914654 0.5506666666666666 0.071658615136876 0.2
0 0.2673107890499195 0.5653333333333334 0.1706924315619968 0.2
0 0.30434782608695654 0.5186666666666667 0.10628019323671498 0.18666666666666668
0 0.35990338164251207 0.52 0.0853462157809984 0.10933333333333334
0 0.37721417069243157 0.512 0.07971014492753623 0.10666666666666667
0 0.4078099838969404 0.47333333333333333 0.05555555555555555 0.08533333333333333
5 0.46819645732689213 0.4706666666666667 0.004830917874396135 0.042666666666666665
0 0.5418679549114331 0.512 0.03542673107890499 0.09066666666666667
0 0.5120772946859904 0.476 0.016908212560386472 0.042666666666666665