0 0.8200483091787439 0.736 0.30515297906602257 0.5226666666666666
0 0.3997584541062802 0.56 0.08373590982286634 0.25866666666666666
4 0.7061191626409018 0.7146666666666667 0.06924315619967794 0.45866666666666667
0 0.1497584541062802 0.7773333333333333 0.2995169082125604 0.44
0 0.6111111111111112 0.5653333333333334 0.07085346215780998 0.152
0 0.6658615136876006 0.6066666666666667 0.11191626409017713 0.24533333333333332
0 0.46256038647342995 0.5053333333333333 0.026570048309178744 0.08266666666666667
0 0.4255233494363929 0.5493333333333333 0.05555555555555555 0.14666666666666667
0 0.5938003220611916 0.5413333333333333 0.04911433172302738 0.12533333333333332
0 0.5756843800322061 0.5226666666666666 0.03864734299516908 0.096
0 0.5636070853462157 0.5133333333333333 0.033011272141706925 0.08266666666666667