0 0.4967793880837359 0.5253333333333333 0.039452495974235106 0.12533333333333332
0 0.30958132045088566 0.5626666666666666 0.071658615136876 0.13066666666666665
0 0.6944444444444444 0.5813333333333334 0.16344605475040258 0.264
0 0.6143317230273752 0.54 0.11030595813204509 0.15466666666666667
0 0.6022544283413849 0.528 0.0893719806763285 0.13066666666666665
0 0.5954106280193237 0.508 0.07648953301127215 0.12266666666666666
1 0.5632045088566827 0.48933333333333334 0.071658615136876 0.11466666666666667
0 0.5507246376811594 0.49733333333333335 0.05555555555555555 0.072
0 0.3309178743961353 0.5066666666666667 0.043478260869565216 0.08533333333333333
1 0.44001610305958133 0.464 0.02576489533011272 0.07733333333333334
0 0.35426731078904994 0.504 0.033816425120772944 0.072
0 0.4029790660225443 0.49066666666666664 0.021739130434782608 0.042666666666666665
0 0.30676328502415456 0.5 0.027375201288244767 0.06133333333333333
0 0.10950080515297907 0.5106666666666667 0.033011272141706925 0.06933333333333333