3 0.1888083735909823 0.49466666666666664 0.014492753623188406 0.13066666666666665
0 0.19082125603864733 0.476 0.05877616747181964 0.14666666666666667
0 0.2363123993558776 0.49066666666666664 0.0571658615136876 0.10666666666666667
0 0.2926731078904992 0.48133333333333334 0.06521739130434782 0.09066666666666667
1 0.4367954911433172 0.4666666666666667 0.05877616747181964 0.10666666666666667
0 0.4605475040257649 0.4706666666666667 0.04428341384863124 0.072
0 0.4971819645732689 0.468 0.04589371980676329 0.07466666666666667
0 0.5245571658615137 0.47333333333333333 0.0499194847020934 0.056
0 0.5487117552334944 0.47333333333333333 0.036231884057971016 0.056
0 0.5680354267310789 0.472 0.04106280193236715 0.05333333333333334
0 0.5897745571658615 0.468 0.04750402576489533 0.056
1 0.6227858293075684 0.4533333333333333 0.04830917874396135 0.07466666666666667
0 0.6413043478260869 0.46 0.0426731078904992 0.050666666666666665
0 0.6570048309178744 0.46 0.037037037037037035 0.04533333333333334