0 0.4266720386784851 0.5093085106382979 0.017727639000805803 0.047872340425531915
0 0.483883964544722 0.5678191489361702 0.0692989524576954 0.18351063829787234
0 0.0821917808219178 0.7513297872340425 0.1643835616438356 0.43617021276595747
1 0.05962933118452861 0.586436170212766 0.11925866236905722 0.300531914893617
0 0.20507655116841256 0.6196808510638298 0.1232876712328767 0.22074468085106383
0 0.3936341659951652 0.5465425531914894 0.0427074939564867 0.13031914893617022
0 0.26913779210314265 0.5585106382978723 0.07091055600322321 0.1356382978723404
0 0.1909750201450443 0.5571808510638298 0.08138597904915391 0.13031914893617022
0 0.3174858984689766 0.5305851063829787 0.0378726833199033 0.0851063829787234
1 0.2328767123287671 0.5159574468085106 0.058823529411764705 0.125
0 0.33440773569701854 0.5212765957446809 0.029008863819500404 0.06648936170212766
1 0.35213537469782435 0.4920212765957447 0.023368251410153102 0.08776595744680851