0 0.9468954248366013 0.5689189189189189 0.10457516339869281 0.13783783783783785
0 0.8946078431372549 0.5621621621621622 0.10212418300653595 0.13243243243243244
0 0.8255718954248366 0.5621621621621622 0.09477124183006536 0.14324324324324325
0 0.5061274509803921 0.5067567567567568 0.027777777777777776 0.08108108108108109
3 0.6940359477124183 0.6337837837837837 0.05392156862745098 0.43783783783783786
3 0.238562091503268 0.5324324324324324 0.04330065359477124 0.21621621621621623
3 0.27655228758169936 0.5310810810810811 0.04084967320261438 0.20810810810810812
3 0.3014705882352941 0.5364864864864864 0.02287581699346405 0.22162162162162163
3 0.3533496732026144 0.5662162162162162 0.04493464052287582 0.2810810810810811
3 0.39052287581699346 0.5581081081081081 0.03431372549019608 0.24864864864864866
3 0.24101307189542484 0.5594594594594594 0.02696078431372549 0.2594594594594595
3 0.2757352941176471 0.5540540540540541 0.021241830065359478 0.24864864864864866
3 0.3047385620915033 0.5567567567567567 0.028594771241830064 0.22162162162162163
3 0.2540849673202614 0.5391891891891892 0.02369281045751634 0.22432432432432434