3 0.8901453957996769 0.696524064171123 0.21809369951534732 0.6016042780748663
3 0.4236672051696284 0.56951871657754 0.03715670436187399 0.2914438502673797
3 0.824313408723748 0.7245989304812834 0.07431340872374798 0.5454545454545454
3 0.678513731825525 0.7179144385026738 0.05492730210016155 0.5588235294117647
3 0.5811793214862682 0.6671122994652406 0.05573505654281099 0.4358288770053476
3 0.7370759289176091 0.6270053475935828 0.05250403877221325 0.42780748663101603
3 0.6348949919224556 0.5989304812834224 0.0395799676898223 0.339572192513369
3 0.6853796445880452 0.68048128342246 0.04604200323101777 0.45454545454545453
3 0.6659935379644588 0.5855614973262032 0.062197092084006464 0.31016042780748665
3 0.6825525040387722 0.6350267379679144 0.06946688206785137 0.39572192513368987
0 0.45678513731825526 0.536096256684492 0.06058158319870759 0.15508021390374332