0 0.1719001610305958 0.74 0.3438003220611916 0.5146666666666667
0 0.8401771336553945 0.712 0.31803542673107893 0.5706666666666667
0 0.32930756843800324 0.6533333333333333 0.1682769726247987 0.33866666666666667
0 0.5579710144927537 0.5333333333333333 0.05475040257648953 0.13333333333333333
0 0.6980676328502415 0.6986666666666667 0.21658615136876005 0.44266666666666665
0 0.3675523349436393 0.572 0.09742351046698873 0.20533333333333334
3 0.29830917874396135 0.5706666666666667 0.023349436392914653 0.2693333333333333
3 0.3172302737520129 0.5506666666666666 0.014492753623188406 0.216
0 0.4496779388083736 0.5066666666666667 0.028985507246376812 0.088
0 0.534219001610306 0.504 0.033816425120772944 0.09066666666666667
3 0.32367149758454106 0.5573333333333333 0.015297906602254429 0.22133333333333333
0 0.5197262479871175 0.48933333333333334 0.020933977455716585 0.06933333333333333