0 0.026570048309178744 0.8053333333333333 0.05314009661835749 0.384
0 0.15539452495974235 0.708 0.21175523349436393 0.336
0 0.9706119162640902 0.5293333333333333 0.0571658615136876 0.376
0 0.9114331723027376 0.5213333333333333 0.17552334943639292 0.30933333333333335
0 0.8365539452495975 0.5213333333333333 0.19001610305958133 0.22933333333333333
0 0.30394524959742353 0.6 0.0998389694041868 0.17866666666666667
0 0.6525764895330113 0.6106666666666667 0.1280193236714976 0.2693333333333333
0 0.5990338164251208 0.56 0.0748792270531401 0.18933333333333333
0 0.3522544283413849 0.5666666666666667 0.057971014492753624 0.13333333333333333
0 0.5644122383252818 0.5306666666666666 0.04750402576489533 0.10933333333333334
0 0.5499194847020934 0.5266666666666666 0.039452495974235106 0.09066666666666667