0 0.1111111111111111 0.7786666666666666 0.2222222222222222 0.432
0 0.34541062801932365 0.6533333333333333 0.10466988727858294 0.25333333333333335
0 0.2278582930756844 0.6746666666666666 0.14090177133655393 0.2693333333333333
5 0.6851851851851852 0.6413333333333333 0.10144927536231885 0.2853333333333333
0 0.9589371980676329 0.5773333333333334 0.08051529790660225 0.2906666666666667
5 0.7246376811594203 0.6613333333333333 0.11272141706924316 0.33866666666666667
3 0.14130434782608695 0.632 0.029790660225442835 0.25866666666666666
0 0.41867954911433175 0.572 0.04106280193236715 0.12266666666666666
0 0.4424315619967794 0.5426666666666666 0.021739130434782608 0.06666666666666667
1 0.45128824476650564 0.5173333333333333 0.018518518518518517 0.072
0 0.5475040257648953 0.5453333333333333 0.07568438003220612 0.09866666666666667
0 0.5189210950080515 0.536 0.05233494363929147 0.072
1 0.39170692431562 0.5786666666666667 0.06843800322061191 0.20266666666666666