0 0.49597423510466987 0.5306666666666666 0.04750402576489533 0.128
0 0.214170692431562 0.64 0.18276972624798712 0.2826666666666667
0 0.28140096618357485 0.604 0.13848631239935588 0.20533333333333334
0 0.3365539452495974 0.5426666666666666 0.0821256038647343 0.136
0 0.42069243156199676 0.56 0.06280193236714976 0.13333333333333333
0 0.38727858293075684 0.5146666666666667 0.06038647342995169 0.08533333333333333
1 0.7536231884057971 0.58 0.3196457326892109 0.8293333333333334
0 0.6014492753623188 0.5733333333333334 0.09017713365539452 0.20266666666666666
0 0.573268921095008 0.5493333333333333 0.06360708534621579 0.136
0 0.5567632850241546 0.5173333333333333 0.043478260869565216 0.12
0 0.5253623188405797 0.49866666666666665 0.024154589371980676 0.06133333333333333
0 0.061191626409017714 0.66 0.12238325281803543 0.27466666666666667
1 0.15499194847020933 0.5493333333333333 0.16586151368760063 0.288
0 0.49315619967793883 0.5093333333333333 0.03140096618357488 0.09333333333333334
0 0.040257648953301126 0.5706666666666667 0.08051529790660225 0.15466666666666667