0 0.4967793880837359 0.5226666666666666 0.03462157809983897 0.10933333333333334
0 0.9255233494363929 0.7133333333333334 0.1473429951690821 0.568
0 0.8107890499194848 0.668 0.22061191626409019 0.424
0 0.6960547504025765 0.604 0.1642512077294686 0.2693333333333333
0 0.642914653784219 0.5653333333333334 0.12721417069243157 0.22666666666666666
0 0.6239935587761675 0.548 0.1143317230273752 0.16533333333333333
0 0.6030595813204509 0.5293333333333333 0.09903381642512077 0.14933333333333335
0 0.5841384863123994 0.5146666666666667 0.07729468599033816 0.09866666666666667
0 0.42069243156199676 0.5093333333333333 0.021739130434782608 0.05333333333333334
0 0.5583735909822867 0.5013333333333333 0.057971014492753624 0.07466666666666667
0 0.5430756843800322 0.496 0.04750402576489533 0.058666666666666666
1 0.533816425120773 0.4826666666666667 0.040257648953301126 0.06133333333333333
0 0.39814814814814814 0.49333333333333335 0.021739130434782608 0.050666666666666665
0 0.3776167471819646 0.492 0.014492753623188406 0.037333333333333336