0 0.45933977455716585 0.5426666666666666 0.03864734299516908 0.10133333333333333
0 0.2648953301127214 0.5946666666666667 0.1320450885668277 0.17333333333333334
0 0.31239935587761675 0.568 0.0966183574879227 0.15733333333333333
0 0.35829307568438 0.548 0.08051529790660225 0.10666666666666667
0 0.3820450885668277 0.54 0.06038647342995169 0.09066666666666667
1 0.39533011272141705 0.512 0.061996779388083734 0.09866666666666667
0 0.6308373590982287 0.66 0.13526570048309178 0.32
0 0.5885668276972624 0.6053333333333333 0.07326892109500806 0.19733333333333333
0 0.5567632850241546 0.5693333333333334 0.061191626409017714 0.152
2 0.5314009661835749 0.464 0.05958132045088567 0.25866666666666666
0 0.1710950080515298 0.5573333333333333 0.07890499194847021 0.112
0 0.4714170692431562 0.5266666666666666 0.029790660225442835 0.08266666666666667