0 0.6743156199677939 0.524 0.16586151368760063 0.19466666666666665
0 0.892512077294686 0.43866666666666665 0.09420289855072464 0.09333333333333334
0 0.8667471819645732 0.44133333333333336 0.09017713365539452 0.088
0 0.8458132045088567 0.444 0.0893719806763285 0.088
0 0.3860708534621578 0.548 0.04589371980676329 0.12
0 0.4500805152979066 0.516 0.033816425120772944 0.088
0 0.6566022544283414 0.476 0.0821256038647343 0.104
0 0.7383252818035426 0.44133333333333336 0.04106280193236715 0.07733333333333334
1 0.8188405797101449 0.43333333333333335 0.04589371980676329 0.09066666666666667
0 0.7677133655394525 0.448 0.04508856682769726 0.072
0 0.40217391304347827 0.5386666666666666 0.040257648953301126 0.09333333333333334
0 0.5370370370370371 0.49733333333333335 0.028985507246376812 0.06666666666666667
0 0.4975845410628019 0.5053333333333333 0.020933977455716585 0.056