0 0.5209339774557166 0.6093333333333333 0.07890499194847021 0.248
0 0.6364734299516909 0.5493333333333333 0.10547504025764895 0.16533333333333333
0 0.5865539452495975 0.5306666666666666 0.061996779388083734 0.10133333333333333
0 0.5668276972624798 0.5213333333333333 0.05555555555555555 0.07733333333333334
0 0.1356682769726248 0.676 0.17954911433172302 0.2906666666666667
0 0.0785024154589372 0.6506666666666666 0.1570048309178744 0.224
0 0.41264090177133655 0.5253333333333333 0.033011272141706925 0.07466666666666667
0 0.4605475040257649 0.508 0.023349436392914653 0.056
0 0.48711755233494364 0.49733333333333335 0.016908212560386472 0.042666666666666665
0 0.3035426731078905 0.552 0.06280193236714976 0.10133333333333333
0 0.33695652173913043 0.5333333333333333 0.0426731078904992 0.10133333333333333
0 0.3812399355877617 0.5213333333333333 0.036231884057971016 0.06666666666666667
0 0.42632850241545894 0.512 0.033011272141706925 0.048
0 0.20531400966183574 0.5493333333333333 0.06602254428341385 0.104
0 0.19363929146537842 0.532 0.07085346215780998 0.07733333333333334