0 0.10426731078904992 0.7773333333333333 0.20853462157809985 0.44
0 0.22946859903381642 0.6546666666666666 0.14412238325281804 0.25066666666666665
0 0.3003220611916264 0.6053333333333333 0.08454106280193237 0.176
0 0.34541062801932365 0.5693333333333334 0.06280193236714976 0.12533333333333332
0 0.751207729468599 0.4746666666666667 0.13526570048309178 0.16533333333333333
0 0.7202093397745571 0.4706666666666667 0.08856682769726248 0.152
0 0.6920289855072463 0.472 0.09339774557165861 0.136
0 0.9782608695652174 0.39866666666666667 0.04186795491143317 0.12266666666666666
0 0.9601449275362319 0.4053333333333333 0.07809983896940419 0.11466666666666667
0 0.6578099838969405 0.48 0.08695652173913043 0.11466666666666667
0 0.3832528180354267 0.5413333333333333 0.04508856682769726 0.096
0 0.5615942028985508 0.524 0.04589371980676329 0.11733333333333333
0 0.5491143317230274 0.516 0.036231884057971016 0.10133333333333333