0 0.4802578565672844 0.523936170212766 0.0346494762288477 0.10638297872340426
0 0.13255439161966157 0.7340425531914894 0.26510878323932313 0.526595744680851
0 0.10717163577759871 0.6263297872340425 0.18049959709911362 0.24468085106382978
0 0.24818694601128122 0.5611702127659575 0.09830781627719581 0.18085106382978725
0 0.3605962933118453 0.5824468085106383 0.0854149879129734 0.18617021276595744
0 0.3178887993553586 0.5412234042553191 0.062046736502820304 0.11436170212765957
0 0.41901692183722805 0.5372340425531915 0.0427074939564867 0.09840425531914894
0 0.3859790491539081 0.5132978723404256 0.030620467365028204 0.06648936170212766
1 0.44157937147461723 0.4800531914893617 0.022562449637389202 0.09042553191489362
0 0.048751007252215955 0.6050531914893617 0.09750201450443191 0.21808510638297873
0 0.15431103948428687 0.5638297872340425 0.10072522159548751 0.14627659574468085