0 0.58058017727639 0.5678191489361702 0.06688154713940371 0.15691489361702127
0 0.05761482675261886 0.7606382978723404 0.11522965350523771 0.4734042553191489
0 0.5185334407735697 0.5053191489361702 0.0249798549556809 0.06382978723404255
0 0.2566478646253022 0.6808510638297872 0.1909750201450443 0.3670212765957447
0 0.1297340854149879 0.6196808510638298 0.16760676873489122 0.24202127659574468
0 0.37389202256244963 0.5478723404255319 0.060435132957292505 0.14095744680851063
0 0.2775987107171636 0.5518617021276596 0.072522159548751 0.1276595744680851
1 0.32917002417405317 0.5159574468085106 0.043513295729250605 0.11436170212765957
0 0.4137792103142627 0.5226063829787234 0.0346494762288477 0.0797872340425532
1 0.36663980660757456 0.5039893617021277 0.040290088638195005 0.09042553191489362
0 0.43352135374697826 0.5106382978723404 0.024174053182917002 0.061170212765957445
0 0.483883964544722 0.5106382978723404 0.024174053182917002 0.07446808510638298