0 0.8055555555555556 0.7453333333333333 0.3389694041867955 0.504
5 0.16304347826086957 0.7213333333333334 0.14412238325281804 0.552
0 0.15136876006441224 0.728 0.21497584541062803 0.384
0 0.5942028985507246 0.5853333333333334 0.12238325281803543 0.29333333333333333
0 0.24879227053140096 0.612 0.12721417069243157 0.24
0 0.500402576489533 0.528 0.050724637681159424 0.12533333333333332
0 0.3446054750402576 0.5386666666666666 0.04186795491143317 0.096
0 0.47020933977455714 0.5106666666666667 0.030595813204508857 0.08533333333333333
3 0.3329307568438003 0.5013333333333333 0.011272141706924315 0.09066666666666667
3 0.322061191626409 0.5093333333333333 0.011272141706924315 0.09066666666666667
5 0.27616747181964574 0.6786666666666666 0.08776167471819646 0.424