0 0.4943639291465378 0.5453333333333333 0.0426731078904992 0.11733333333333333
0 0.2580515297906602 0.624 0.15136876006441224 0.26666666666666666
1 0.32326892109500804 0.5213333333333333 0.16264090177133655 0.344
0 0.3643317230273752 0.564 0.10547504025764895 0.136
0 0.43478260869565216 0.5013333333333333 0.04750402576489533 0.07733333333333334
1 0.533011272141707 0.492 0.03140096618357488 0.09866666666666667
0 0.49033816425120774 0.5213333333333333 0.027375201288244767 0.08266666666666667
1 0.3856682769726248 0.5293333333333333 0.10225442834138486 0.152
0 0.035024154589371984 0.576 0.07004830917874397 0.152
0 0.0861513687600644 0.6413333333333333 0.1723027375201288 0.30666666666666664
0 0.20088566827697263 0.568 0.1111111111111111 0.18666666666666668
3 0.06159420289855073 0.532 0.01932367149758454 0.176
3 0.16545893719806765 0.5226666666666666 0.015297906602254429 0.104
2 0.2717391304347826 0.4693333333333333 0.07809983896940419 0.16266666666666665