0 0.9464869281045751 0.5648648648648649 0.1053921568627451 0.13783783783783785
0 0.8941993464052288 0.5635135135135135 0.10130718954248366 0.13243243243243244
0 0.8259803921568627 0.5621621621621622 0.09477124183006536 0.14324324324324325
0 0.5061274509803921 0.5081081081081081 0.027777777777777776 0.08108108108108109
5 0.7638888888888888 0.6283783783783784 0.1437908496732026 0.42702702702702705
5 0.9709967320261438 0.6581081081081082 0.056372549019607844 0.5027027027027027
5 0.198937908496732 0.6310810810810811 0.09313725490196079 0.3783783783783784
3 0.1548202614379085 0.46756756756756757 0.010620915032679739 0.12972972972972974
3 0.14215686274509803 0.504054054054054 0.021241830065359478 0.1891891891891892
3 0.11642156862745098 0.4945945945945946 0.024509803921568627 0.1918918918918919
3 0.8811274509803921 0.7 0.09477124183006536 0.5945945945945946
3 0.8799019607843137 0.6743243243243243 0.0727124183006536 0.5594594594594594
3 0.9697712418300654 0.6810810810810811 0.058823529411764705 0.6243243243243243