0 0.49516908212560384 0.5293333333333333 0.036231884057971016 0.11466666666666667
0 0.928743961352657 0.748 0.14090177133655393 0.49866666666666665
0 0.8148148148148148 0.7 0.2528180354267311 0.5386666666666666
0 0.7250402576489533 0.624 0.1642512077294686 0.2986666666666667
0 0.6674718196457327 0.5786666666666667 0.14492753623188406 0.21066666666666667
0 0.4106280193236715 0.5106666666666667 0.024154589371980676 0.05333333333333334
0 0.3083735909822866 0.576 0.0748792270531401 0.14666666666666667
0 0.5913848631239935 0.5266666666666666 0.08856682769726248 0.12
0 0.5636070853462157 0.5133333333333333 0.06682769726247988 0.088
1 0.5418679549114331 0.488 0.05314009661835749 0.08
0 0.3675523349436393 0.5026666666666667 0.029790660225442835 0.064
0 0.3824476650563607 0.5026666666666667 0.024154589371980676 0.056
0 0.34500805152979064 0.5 0.01932367149758454 0.048