0 0.5040257648953301 0.5586666666666666 0.05314009661835749 0.168
0 0.7045088566827697 0.6026666666666667 0.1392914653784219 0.27466666666666667
0 0.6215780998389694 0.5506666666666666 0.10547504025764895 0.15733333333333333
0 0.26851851851851855 0.5866666666666667 0.11352657004830918 0.20266666666666666
0 0.055152979066022546 0.6546666666666666 0.11030595813204509 0.25866666666666666
0 0.15338164251207728 0.5826666666666667 0.1215780998389694 0.216
0 0.4037842190016103 0.5226666666666666 0.04911433172302738 0.08533333333333333
0 0.4786634460547504 0.488 0.023349436392914653 0.058666666666666666
0 0.29025764895330114 0.5386666666666666 0.07246376811594203 0.11466666666666667
0 0.3812399355877617 0.5186666666666667 0.04830917874396135 0.072
0 0.5398550724637681 0.488 0.020128824476650563 0.048
0 0.1956521739130435 0.544 0.08776167471819646 0.112