0 0.8977455716586151 0.728 0.2028985507246377 0.5386666666666666
0 0.4033816425120773 0.6306666666666667 0.15217391304347827 0.30666666666666664
0 0.7999194847020934 0.7506666666666667 0.2745571658615137 0.49333333333333335
0 0.7093397745571659 0.6346666666666667 0.14009661835748793 0.336
0 0.9573268921095008 0.4826666666666667 0.08373590982286634 0.20533333333333334
1 0.9074074074074074 0.47733333333333333 0.15056360708534622 0.23733333333333334
1 0.8091787439613527 0.496 0.12962962962962962 0.21066666666666667
0 0.4726247987117552 0.524 0.05314009661835749 0.12
0 0.7367149758454107 0.488 0.06843800322061191 0.104
0 0.6159420289855072 0.5066666666666667 0.037037037037037035 0.10133333333333333
0 0.5056360708534622 0.5013333333333333 0.036231884057971016 0.08533333333333333
2 0.5825281803542673 0.44533333333333336 0.036231884057971016 0.12