0 0.5032206119162641 0.5613333333333334 0.061996779388083734 0.19466666666666665
0 0.962157809983897 0.7 0.07407407407407407 0.5946666666666667
1 0.7125603864734299 0.5666666666666667 0.18840579710144928 0.392
0 0.6239935587761675 0.536 0.11272141706924316 0.17066666666666666
0 0.5692431561996779 0.496 0.061996779388083734 0.08533333333333333
0 0.5487117552334944 0.492 0.04186795491143317 0.064
0 0.1215780998389694 0.5773333333333334 0.15217391304347827 0.21333333333333335
1 0.19122383252818034 0.5173333333333333 0.21980676328502416 0.47733333333333333
0 0.22826086956521738 0.5506666666666666 0.0861513687600644 0.144
0 0.29025764895330114 0.536 0.0571658615136876 0.09066666666666667
0 0.3647342995169082 0.5053333333333333 0.03542673107890499 0.064
0 0.3808373590982287 0.49333333333333335 0.026570048309178744 0.06933333333333333
0 0.4053945249597424 0.488 0.02576489533011272 0.048
0 0.43719806763285024 0.484 0.0249597423510467 0.037333333333333336
0 0.9331723027375202 0.5306666666666666 0.1215780998389694 0.10133333333333333
0 0.1574074074074074 0.5386666666666666 0.06763285024154589 0.11733333333333333