3 0.8325281803542673 0.564 0.050724637681159424 0.4186666666666667
5 0.0430756843800322 0.7453333333333333 0.0861513687600644 0.504
5 0.2886473429951691 0.6333333333333333 0.06280193236714976 0.37066666666666664
0 0.7069243156199678 0.6746666666666666 0.1964573268921095 0.45066666666666666
0 0.6119162640901772 0.5706666666666667 0.10547504025764895 0.2906666666666667
0 0.5768921095008052 0.528 0.071658615136876 0.21066666666666667
0 0.5587761674718197 0.524 0.04669887278582931 0.13866666666666666
3 0.5197262479871175 0.476 0.00966183574879227 0.096
3 0.5237520128824477 0.48133333333333334 0.008856682769726247 0.09066666666666667
0 0.4384057971014493 0.48133333333333334 0.02254428341384863 0.07466666666666667
3 0.4834943639291465 0.4746666666666667 0.007246376811594203 0.064
0 0.3808373590982287 0.5266666666666666 0.04669887278582931 0.112
0 0.07568438003220612 0.7746666666666666 0.15136876006441224 0.44533333333333336
0 0.18478260869565216 0.6933333333333334 0.20209339774557167 0.368
0 0.28703703703703703 0.6053333333333333 0.11594202898550725 0.232
0 0.34017713365539454 0.552 0.0748792270531401 0.168