0 0.4943639291465378 0.5573333333333333 0.0426731078904992 0.11733333333333333
0 0.07367149758454106 0.7666666666666667 0.1473429951690821 0.4613333333333333
0 0.16908212560386474 0.724 0.214170692431562 0.4533333333333333
0 0.3083735909822866 0.6026666666666667 0.12721417069243157 0.2
1 0.355475040257649 0.5133333333333333 0.13446054750402575 0.26666666666666666
0 0.3812399355877617 0.5586666666666666 0.09178743961352658 0.11466666666666667
3 0.8027375201288245 0.716 0.07568438003220612 0.47733333333333333
1 0.5309983896940419 0.49866666666666665 0.028985507246376812 0.09066666666666667
0 0.4919484702093398 0.5266666666666666 0.026570048309178744 0.08266666666666667
1 0.4001610305958132 0.5346666666666666 0.09017713365539452 0.13333333333333333
0 0.016908212560386472 0.5706666666666667 0.033816425120772944 0.192
0 0.08132045088566828 0.5733333333333334 0.1111111111111111 0.13333333333333333
0 0.15901771336553946 0.6066666666666667 0.15458937198067632 0.22666666666666666
0 0.25161030595813205 0.5613333333333334 0.08293075684380032 0.152
3 0.1280193236714976 0.5346666666666666 0.015297906602254429 0.14933333333333335
3 0.19887278582930756 0.528 0.011272141706924315 0.09333333333333334
2 0.2922705314009662 0.49333333333333335 0.06843800322061191 0.14666666666666667