0 0.033011272141706925 0.804 0.06602254428341385 0.38666666666666666
0 0.1360708534621578 0.7293333333333333 0.22624798711755234 0.3626666666666667
0 0.2572463768115942 0.636 0.11352657004830918 0.22133333333333333
0 0.322061191626409 0.5933333333333334 0.07729468599033816 0.152
0 0.8067632850241546 0.4826666666666667 0.1682769726247987 0.2
0 0.7604669887278583 0.472 0.107085346215781 0.18133333333333335
0 0.7242351046698873 0.47733333333333333 0.11030595813204509 0.15733333333333333
0 0.9879227053140096 0.39866666666666667 0.02254428341384863 0.12533333333333332
0 0.6815619967793881 0.4826666666666667 0.10064412238325282 0.13066666666666665
0 0.37037037037037035 0.556 0.05394524959742351 0.10933333333333334
0 0.573268921095008 0.5346666666666666 0.0571658615136876 0.136
0 0.5567632850241546 0.5213333333333333 0.04186795491143317 0.11466666666666667