1 0.4102254428341385 0.5346666666666666 0.06602254428341385 0.23733333333333334
1 0.8723832528180354 0.464 0.2536231884057971 0.4053333333333333
0 0.17632850241545894 0.5893333333333334 0.12318840579710146 0.192
0 0.071658615136876 0.5666666666666667 0.143317230273752 0.25866666666666666
0 0.33413848631239934 0.5186666666666667 0.05233494363929147 0.12266666666666666
0 0.6103059581320451 0.5346666666666666 0.09259259259259259 0.168
0 0.45652173913043476 0.4786666666666667 0.03140096618357488 0.096
1 0.49557165861513686 0.448 0.03462157809983897 0.12
0 0.6706924315619968 0.52 0.09742351046698873 0.17333333333333334
0 0.7451690821256038 0.5226666666666666 0.1143317230273752 0.144
2 0.4524959742351047 0.43466666666666665 0.03542673107890499 0.17066666666666666