0 0.4834943639291465 0.5373333333333333 0.04589371980676329 0.12266666666666666
0 0.09219001610305957 0.7426666666666667 0.18438003220611915 0.5093333333333333
0 0.2757648953301127 0.6 0.14009661835748793 0.22666666666666666
0 0.34903381642512077 0.5466666666666666 0.10628019323671498 0.16
0 0.4082125603864734 0.5093333333333333 0.06763285024154589 0.09333333333333334
0 0.8506441223832528 0.7533333333333333 0.2971014492753623 0.488
0 0.5817230273752013 0.544 0.057971014492753624 0.128
1 0.5366344605475041 0.4786666666666667 0.03462157809983897 0.11466666666666667
0 0.22020933977455717 0.5573333333333333 0.09259259259259259 0.144
0 0.49315619967793883 0.508 0.030595813204508857 0.09333333333333334
0 0.14090177133655393 0.5293333333333333 0.09259259259259259 0.112