0 0.5064412238325282 0.54 0.050724637681159424 0.136
0 0.16747181964573268 0.736 0.2431561996779388 0.5226666666666666
0 0.2532206119162641 0.6333333333333333 0.16747181964573268 0.32
0 0.37962962962962965 0.54 0.10628019323671498 0.144
0 0.40499194847020936 0.512 0.06602254428341385 0.10666666666666667
0 0.4174718196457327 0.5053333333333333 0.06521739130434782 0.09333333333333334
1 0.45410628019323673 0.46 0.0499194847020934 0.08533333333333333
0 0.783011272141707 0.6706666666666666 0.24879227053140096 0.456
3 0.6485507246376812 0.616 0.039452495974235106 0.288
0 0.6517713365539453 0.58 0.0966183574879227 0.19466666666666665
0 0.6107085346215781 0.548 0.06521739130434782 0.136
0 0.5917874396135265 0.5093333333333333 0.05636070853462158 0.136
3 0.5595813204508857 0.49866666666666665 0.00966183574879227 0.08
0 0.049516908212560384 0.6453333333333333 0.09903381642512077 0.29333333333333333
0 0.2995169082125604 0.5173333333333333 0.07729468599033816 0.12533333333333332
0 0.5044283413848631 0.49466666666666664 0.029790660225442835 0.088
0 0.14653784219001612 0.596 0.15619967793880837 0.22133333333333333
1 0.7338969404186796 0.468 0.10466988727858294 0.13333333333333333