0 0.5048309178743962 0.54 0.0499194847020934 0.13333333333333333
0 0.09943639291465378 0.736 0.19887278582930756 0.5226666666666666
0 0.34098228663446056 0.58 0.13768115942028986 0.19733333333333333
0 0.3824476650563607 0.532 0.07890499194847021 0.13066666666666665
0 0.3993558776167472 0.5173333333333333 0.07729468599033816 0.112
0 0.41988727858293073 0.5026666666666667 0.06280193236714976 0.08266666666666667
1 0.4464573268921095 0.4706666666666667 0.05475040257648953 0.09333333333333334
0 0.8860708534621579 0.688 0.22624798711755234 0.6186666666666667
3 0.7532206119162641 0.744 0.08132045088566828 0.5066666666666667
0 0.7258454106280193 0.6546666666666666 0.1642512077294686 0.304
0 0.644122383252818 0.5866666666666667 0.09259259259259259 0.18666666666666668
0 0.6103059581320451 0.5333333333333333 0.07085346215780998 0.168
3 0.5623993558776168 0.5066666666666667 0.01288244766505636 0.09333333333333334
0 0.6606280193236715 0.508 0.08051529790660225 0.104
0 0.14492753623188406 0.5893333333333334 0.18115942028985507 0.23466666666666666
0 0.24235104669887278 0.5453333333333333 0.10305958132045089 0.16266666666666665
0 0.5020128824476651 0.504 0.028985507246376812 0.088
0 0.04790660225442834 0.6426666666666667 0.09581320450885668 0.30933333333333335
0 0.285829307568438 0.528 0.06602254428341385 0.13066666666666665
1 0.7624798711755234 0.49066666666666664 0.1215780998389694 0.152
0 0.061191626409017714 0.5493333333333333 0.12238325281803543 0.17066666666666666