5 0.7001633986928104 0.5297297297297298 0.05473856209150327 0.2702702702702703
3 0.928921568627451 0.6337837837837837 0.14052287581699346 0.727027027027027
3 0.7638888888888888 0.47297297297297297 0.01715686274509804 0.16486486486486487
3 0.477124183006536 0.6081081081081081 0.041666666666666664 0.3891891891891892
3 0.4089052287581699 0.5932432432432433 0.05228758169934641 0.37567567567567567
3 0.43913398692810457 0.581081081081081 0.051470588235294115 0.4189189189189189
3 0.7066993464052288 0.5121621621621621 0.029411764705882353 0.20810810810810812
3 0.8962418300653595 0.5094594594594595 0.03676470588235294 0.24054054054054055
3 0.9268790849673203 0.4918918918918919 0.0392156862745098 0.2756756756756757
3 0.9080882352941176 0.5202702702702703 0.027777777777777776 0.22702702702702704
1 0.4987745098039216 0.4581081081081081 0.014705882352941176 0.05675675675675676