0 0.6988727858293076 0.668 0.214170692431562 0.5066666666666667
0 0.07528180354267311 0.7506666666666667 0.15056360708534622 0.49333333333333335
0 0.10950080515297907 0.6973333333333334 0.21900161030595813 0.384
0 0.14492753623188406 0.62 0.23107890499194847 0.2853333333333333
0 0.24879227053140096 0.5506666666666666 0.1972624798711755 0.2613333333333333
0 0.21336553945249598 0.592 0.178743961352657 0.2613333333333333
0 0.6143317230273752 0.5893333333333334 0.10144927536231885 0.22133333333333333
0 0.2725442834138486 0.54 0.1360708534621578 0.216
0 0.30917874396135264 0.5493333333333333 0.11835748792270531 0.16266666666666665
0 0.3172302737520129 0.5333333333333333 0.1247987117552335 0.15466666666666667
0 0.36513687600644124 0.5093333333333333 0.0861513687600644 0.104
0 0.3836553945249597 0.492 0.06924315619967794 0.10933333333333334
0 0.5410628019323671 0.5133333333333333 0.036231884057971016 0.09333333333333334
0 0.5789049919484702 0.552 0.06602254428341385 0.168
0 0.5273752012882448 0.492 0.026570048309178744 0.08