0 0.48993558776167473 0.5493333333333333 0.04669887278582931 0.12533333333333332
0 0.04710144927536232 0.728 0.09420289855072464 0.5386666666666666
0 0.286634460547504 0.5866666666666667 0.13526570048309178 0.192
0 0.3285024154589372 0.576 0.10789049919484701 0.14933333333333335
0 0.357890499194847 0.54 0.07004830917874397 0.112
0 0.43156199677938806 0.5533333333333333 0.04911433172302738 0.10933333333333334
1 0.6388888888888888 0.5386666666666666 0.15780998389694043 0.45066666666666666
0 0.572061191626409 0.5546666666666666 0.06521739130434782 0.152
0 0.5189210950080515 0.5053333333333333 0.021739130434782608 0.056
0 0.14895330112721417 0.6 0.1280193236714976 0.18666666666666668
1 0.22826086956521738 0.532 0.11272141706924316 0.21866666666666668
0 0.49033816425120774 0.5226666666666666 0.03140096618357488 0.096
0 0.11473429951690821 0.5546666666666666 0.08695652173913043 0.12266666666666666
5 0.029790660225442835 0.556 0.04750402576489533 0.13333333333333333