0 0.8635265700483091 0.7666666666666667 0.2713365539452496 0.4613333333333333
0 0.09098228663446055 0.7026666666666667 0.1819645732689211 0.4026666666666667
0 0.1960547504025765 0.6026666666666667 0.1956521739130435 0.23466666666666666
0 0.25684380032206117 0.588 0.18357487922705315 0.20533333333333334
0 0.2777777777777778 0.568 0.1529790660225443 0.176
0 0.7133655394524959 0.6933333333333334 0.19001610305958133 0.424
0 0.5772946859903382 0.5573333333333333 0.05636070853462158 0.13066666666666665
0 0.33011272141706927 0.5626666666666666 0.10950080515297907 0.14933333333333335
1 0.3474235104669887 0.54 0.09259259259259259 0.152
0 0.6256038647342995 0.532 0.08373590982286634 0.09066666666666667
1 0.5289855072463768 0.4826666666666667 0.027375201288244767 0.096
0 0.41264090177133655 0.508 0.0571658615136876 0.064
0 0.42592592592592593 0.49733333333333335 0.05152979066022544 0.06933333333333333
1 0.5177133655394525 0.4746666666666667 0.01932367149758454 0.07733333333333334