0 0.4971819645732689 0.524 0.03462157809983897 0.10933333333333334
0 0.023752012882447666 0.632 0.04750402576489533 0.264
0 0.8900966183574879 0.7133333333333334 0.2181964573268921 0.568
0 0.7765700483091788 0.6426666666666667 0.20048309178743962 0.36533333333333334
0 0.679549114331723 0.5893333333333334 0.1529790660225443 0.24266666666666667
0 0.6328502415458938 0.5586666666666666 0.11996779388083736 0.208
0 0.6171497584541062 0.5426666666666666 0.10869565217391304 0.15733333333333333
0 0.5978260869565217 0.5266666666666666 0.09500805152979067 0.14133333333333334
0 0.5813204508856683 0.5133333333333333 0.07407407407407407 0.09333333333333334
0 0.42391304347826086 0.5066666666666667 0.020933977455716585 0.050666666666666665
0 0.5567632850241546 0.5 0.05636070853462158 0.072
0 0.5422705314009661 0.49333333333333335 0.04669887278582931 0.058666666666666666
1 0.533011272141707 0.4826666666666667 0.039452495974235106 0.058666666666666666
0 0.3997584541062802 0.49333333333333335 0.020933977455716585 0.048
0 0.37922705314009664 0.492 0.013687600644122383 0.037333333333333336