3 0.9726247987117552 0.6413333333333333 0.05314009661835749 0.6293333333333333
0 0.9718196457326892 0.768 0.05475040257648953 0.45866666666666667
0 0.8297101449275363 0.7493333333333333 0.3027375201288245 0.496
0 0.22262479871175522 0.7173333333333334 0.23993558776167473 0.464
0 0.34581320450885666 0.6186666666666667 0.10547504025764895 0.24266666666666667
0 0.6618357487922706 0.604 0.11755233494363929 0.24266666666666667
0 0.40136876006441224 0.552 0.06521739130434782 0.176
0 0.45933977455716585 0.5306666666666666 0.05314009661835749 0.12
0 0.6119162640901772 0.548 0.05394524959742351 0.15733333333333333
0 0.5471014492753623 0.512 0.04669887278582931 0.08266666666666667
2 0.6614331723027376 0.42933333333333334 0.03784219001610306 0.10133333333333333