0 0.4846897663174859 0.526595744680851 0.031426269137792104 0.09308510638297872
0 0.1716357775987107 0.7526595744680851 0.2997582594681708 0.48936170212765956
0 0.12369057211925866 0.636968085106383 0.1917808219178082 0.27393617021276595
0 0.2989524576954069 0.5651595744680851 0.07332796132151491 0.13297872340425532
0 0.3904109589041096 0.5784574468085106 0.07091055600322321 0.15691489361702127
0 0.3501208702659146 0.5305851063829787 0.046736502820306204 0.09308510638297872
0 0.4125705076551168 0.5319148936170213 0.0378726833199033 0.08244680851063829
1 0.43875906526994357 0.4867021276595745 0.028203062046736505 0.10904255319148937
0 0.05962933118452861 0.613031914893617 0.11925866236905722 0.23404255319148937
0 0.1522965350523771 0.574468085106383 0.11281224818694602 0.15425531914893617
0 0.2647058823529412 0.5425531914893617 0.055600322320709106 0.08776595744680851