0 0.08494363929146538 0.7786666666666666 0.16988727858293076 0.43733333333333335
3 0.7310789049919485 0.5453333333333333 0.033011272141706925 0.2826666666666667
0 0.7673107890499195 0.7026666666666667 0.2109500805152979 0.42133333333333334
0 0.6694847020933977 0.6093333333333333 0.11513687600644122 0.23733333333333334
0 0.3530595813204509 0.6053333333333333 0.10547504025764895 0.23466666666666666
0 0.3997584541062802 0.5693333333333334 0.06360708534621579 0.15733333333333333
0 0.6127214170692431 0.56 0.06924315619967794 0.16
0 0.427938808373591 0.54 0.04750402576489533 0.13066666666666665
0 0.4714170692431562 0.524 0.043478260869565216 0.096
0 0.5901771336553945 0.536 0.03784219001610306 0.11733333333333333
0 0.5475040257648953 0.508 0.0426731078904992 0.06933333333333333