0 0.49476650563607083 0.5266666666666666 0.037037037037037035 0.11466666666666667
0 0.8828502415458938 0.704 0.23268921095008052 0.5866666666666667
0 0.7741545893719807 0.6586666666666666 0.19243156199677938 0.37866666666666665
0 0.6960547504025765 0.5973333333333334 0.16344605475040258 0.248
0 0.4025764895330113 0.5066666666666667 0.027375201288244767 0.058666666666666666
0 0.2584541062801932 0.5986666666666667 0.10144927536231885 0.18933333333333333
0 0.5998389694041868 0.5253333333333333 0.09500805152979067 0.13066666666666665
0 0.5680354267310789 0.512 0.071658615136876 0.096
1 0.5438808373590982 0.48933333333333334 0.05475040257648953 0.08533333333333333
0 0.36231884057971014 0.49866666666666665 0.03140096618357488 0.06666666666666667
0 0.37681159420289856 0.49733333333333335 0.02576489533011272 0.056
0 0.41223832528180354 0.4866666666666667 0.017713365539452495 0.037333333333333336
0 0.3389694041867955 0.49466666666666664 0.020128824476650563 0.050666666666666665