3 0.6163166397415186 0.6590909090909091 0.050080775444264945 0.4572192513368984
3 0.688610662358643 0.6457219251336899 0.05250403877221325 0.45989304812834225
3 0.25323101777059775 0.5962566844919787 0.04038772213247173 0.3074866310160428
3 0.5222132471728594 0.5454545454545454 0.023424878836833602 0.20320855614973263
3 0.6805331179321487 0.5668449197860963 0.0444264943457189 0.3048128342245989
3 0.8966074313408724 0.6042780748663101 0.062197092084006464 0.45187165775401067
3 0.8614701130856219 0.570855614973262 0.04038772213247173 0.35561497326203206
3 0.33562197092084006 0.5721925133689839 0.02665589660743134 0.232620320855615
3 0.31098546042003233 0.5655080213903744 0.021809369951534735 0.23796791443850268
3 0.9244749596122779 0.5668449197860963 0.05815831987075929 0.39037433155080214
0 0.4369951534733441 0.4852941176470588 0.029079159935379646 0.09893048128342247
0 0.35662358642972536 0.5093582887700535 0.07027463651050081 0.1925133689839572
1 0.38368336025848143 0.5013368983957219 0.045234248788368334 0.14705882352941177