0 0.6714975845410628 0.6573333333333333 0.15780998389694043 0.3973333333333333
0 0.11634460547504026 0.6933333333333334 0.23268921095008052 0.408
0 0.16223832528180354 0.6253333333333333 0.2471819645732689 0.30933333333333335
0 0.19444444444444445 0.5813333333333334 0.18276972624798712 0.304
0 0.2363123993558776 0.5826666666666667 0.14653784219001612 0.18666666666666668
0 0.3083735909822866 0.564 0.1247987117552335 0.15733333333333333
0 0.33454106280193235 0.5546666666666666 0.11272141706924316 0.14933333333333335
0 0.3393719806763285 0.536 0.08856682769726248 0.144
0 0.3502415458937198 0.5266666666666666 0.10789049919484701 0.13066666666666665
0 0.3723832528180354 0.524 0.07648953301127215 0.09866666666666667
0 0.39049919484702095 0.49466666666666664 0.06763285024154589 0.104
5 0.46497584541062803 0.49066666666666664 0.00644122383252818 0.050666666666666665
0 0.5611916264090178 0.5493333333333333 0.04750402576489533 0.12533333333333332
0 0.6191626409017713 0.516 0.08695652173913043 0.12
0 0.5169082125603864 0.49866666666666665 0.01932367149758454 0.050666666666666665