0 0.4153908138597905 0.511968085106383 0.016921837228041903 0.047872340425531915
0 0.4572925060435133 0.5571808510638298 0.05801772763900081 0.1622340425531915
0 0.09347300564061241 0.6981382978723404 0.18694601128122482 0.34574468085106386
0 0.3734891216760677 0.5531914893617021 0.04754230459307011 0.14627659574468085
0 0.21595487510072522 0.5824468085106383 0.09830781627719581 0.1702127659574468
0 0.13295729250604352 0.5757978723404256 0.1095890410958904 0.15425531914893617
0 0.290491539081386 0.5412234042553191 0.04754230459307011 0.09840425531914894
1 0.19742143432715553 0.5252659574468085 0.0717163577759871 0.14095744680851063
0 0.314262691377921 0.5252659574468085 0.0346494762288477 0.07446808510638298
0 0.24979854955680902 0.5279255319148937 0.0362610797743755 0.06914893617021277
1 0.34004834810636586 0.4920212765957447 0.0249798549556809 0.09574468085106383