0 0.4975845410628019 0.524 0.040257648953301126 0.12533333333333332
0 0.2648953301127214 0.592 0.09822866344605476 0.17066666666666666
0 0.7314814814814815 0.608 0.18840579710144928 0.32
0 0.6296296296296297 0.5453333333333333 0.12077294685990338 0.17333333333333334
0 0.6131239935587761 0.5333333333333333 0.0966183574879227 0.144
0 0.6030595813204509 0.5133333333333333 0.08132045088566828 0.13333333333333333
1 0.5684380032206119 0.48933333333333334 0.0748792270531401 0.12
0 0.5539452495974235 0.49866666666666665 0.057971014492753624 0.07733333333333334
0 0.5374396135265701 0.4826666666666667 0.040257648953301126 0.05333333333333334
0 0.32326892109500804 0.512 0.04669887278582931 0.09066666666666667
1 0.4351851851851852 0.4653333333333333 0.02818035426731079 0.08266666666666667
0 0.34903381642512077 0.5066666666666667 0.036231884057971016 0.07466666666666667
0 0.3695652173913043 0.5053333333333333 0.02818035426731079 0.05333333333333334
0 0.40177133655394526 0.48933333333333334 0.02254428341384863 0.042666666666666665
0 0.2999194847020934 0.504 0.028985507246376812 0.064
0 0.09219001610305957 0.5146666666666667 0.033816425120772944 0.07466666666666667