0 0.9473039215686274 0.5702702702702702 0.10375816993464053 0.13783783783783785
0 0.8946078431372549 0.5621621621621622 0.10212418300653595 0.13243243243243244
0 0.8255718954248366 0.5621621621621622 0.09477124183006536 0.14324324324324325
0 0.5061274509803921 0.5067567567567568 0.027777777777777776 0.08108108108108109
3 0.7381535947712419 0.6229729729729729 0.06781045751633986 0.4189189189189189
3 0.7728758169934641 0.6270270270270271 0.049836601307189546 0.3675675675675676
3 0.46568627450980393 0.5783783783783784 0.041666666666666664 0.3054054054054054
3 0.23774509803921567 0.5054054054054054 0.027777777777777776 0.17567567567567569
3 0.27205882352941174 0.518918918918919 0.016339869281045753 0.1810810810810811
3 0.2610294117647059 0.5364864864864864 0.026143790849673203 0.22702702702702704
3 0.2937091503267974 0.5432432432432432 0.032679738562091505 0.20540540540540542
3 0.18382352941176472 0.5202702702702703 0.02287581699346405 0.20270270270270271
3 0.21323529411764705 0.522972972972973 0.02042483660130719 0.2
3 0.23774509803921567 0.5310810810810811 0.018790849673202614 0.1810810810810811
3 0.24673202614379086 0.5202702702702703 0.027777777777777776 0.1837837837837838