0 0.5024154589371981 0.5253333333333333 0.04911433172302738 0.13333333333333333
0 0.29830917874396135 0.6026666666666667 0.17149758454106281 0.25866666666666666
0 0.3603059581320451 0.5226666666666666 0.09017713365539452 0.152
0 0.3828502415458937 0.5133333333333333 0.08695652173913043 0.128
0 0.4086151368760064 0.49466666666666664 0.07004830917874397 0.09066666666666667
1 0.4396135265700483 0.456 0.05877616747181964 0.10133333333333333
0 0.8264895330112721 0.7346666666666667 0.27697262479871176 0.4613333333333333
0 0.67914653784219 0.6066666666666667 0.1247987117552335 0.23733333333333334
0 0.6280193236714976 0.5333333333333333 0.0861513687600644 0.2
3 0.5664251207729468 0.49733333333333335 0.01288244766505636 0.10133333333333333
0 0.6759259259259259 0.49866666666666665 0.0893719806763285 0.11466666666666667
0 0.0785024154589372 0.6186666666666667 0.1570048309178744 0.31466666666666665
0 0.18397745571658616 0.5506666666666666 0.13848631239935588 0.2
0 0.49838969404186795 0.488 0.028985507246376812 0.088
0 0.24838969404186795 0.5253333333333333 0.08293075684380032 0.15466666666666667
1 0.7866344605475041 0.47733333333333333 0.1360708534621578 0.168
0 0.022946859903381644 0.5413333333333333 0.04589371980676329 0.18666666666666668