0 0.4234488315874295 0.5066489361702128 0.016116035455278 0.047872340425531915
0 0.44641418211120065 0.5412234042553191 0.04754230459307011 0.14095744680851063
0 0.35294117647058826 0.5678191489361702 0.0692989524576954 0.18617021276595744
0 0.09427880741337631 0.6462765957446809 0.18855761482675262 0.28191489361702127
0 0.05278001611603546 0.6103723404255319 0.10556003223207092 0.21808510638297873
0 0.2542304593070105 0.5558510638297872 0.07010475423045931 0.13031914893617022
1 0.14585012087026591 0.5319148936170213 0.10153102336825141 0.17553191489361702
0 0.29935535858178886 0.5345744680851063 0.0443190975020145 0.09042553191489362
0 0.23086220789685738 0.5345744680851063 0.046736502820306204 0.08244680851063829
1 0.3408541498791297 0.4933510638297872 0.031426269137792104 0.10904255319148937
2 0.3912167606768735 0.46675531914893614 0.020145044319097503 0.10372340425531915