0 0.27657004830917875 0.6826666666666666 0.16505636070853463 0.31733333333333336
0 0.12600644122383253 0.7586666666666667 0.25201288244766507 0.47733333333333333
0 0.6807568438003221 0.5506666666666666 0.10547504025764895 0.20266666666666666
0 0.3647342995169082 0.5906666666666667 0.0861513687600644 0.19466666666666665
0 0.4110305958132045 0.5626666666666666 0.05152979066022544 0.13066666666666665
0 0.42673107890499196 0.5453333333333333 0.043478260869565216 0.10666666666666667
0 0.5515297906602254 0.536 0.04106280193236715 0.11733333333333333
0 0.679549114331723 0.512 0.13285024154589373 0.14666666666666667
0 0.5664251207729468 0.5293333333333333 0.04830917874396135 0.096
0 0.5954106280193237 0.5093333333333333 0.0499194847020934 0.09066666666666667
0 0.5483091787439613 0.4706666666666667 0.03140096618357488 0.034666666666666665