0 0.4935535858178888 0.5172872340425532 0.018533440773569703 0.05053191489361702
0 0.14947622884770345 0.7300531914893617 0.24818694601128122 0.4574468085106383
1 0.07534246575342465 0.6023936170212766 0.1506849315068493 0.32180851063829785
0 0.6522965350523772 0.660904255319149 0.16116035455278002 0.35106382978723405
0 0.3251410153102337 0.5877659574468085 0.07977437550362611 0.1675531914893617
1 0.23126510878323933 0.550531914893617 0.10475423045930701 0.18882978723404256
0 0.36865431103948426 0.5611702127659575 0.052377115229653506 0.1196808510638298
0 0.46817082997582593 0.5345744680851063 0.0346494762288477 0.10638297872340426
0 0.30701047542304594 0.5398936170212766 0.0531829170024174 0.09840425531914894
0 0.4041095890410959 0.523936170212766 0.024174053182917002 0.06648936170212766
1 0.3356164383561644 0.5132978723404256 0.040290088638195005 0.09840425531914894
1 0.4210314262691378 0.4933510638297872 0.016921837228041903 0.07446808510638298