0 0.5088566827697263 0.568 0.05394524959742351 0.17066666666666666
0 0.717391304347826 0.6 0.16264090177133655 0.29333333333333333
0 0.6111111111111112 0.5453333333333333 0.08132045088566828 0.13866666666666666
0 0.5776972624798712 0.532 0.07004830917874397 0.09866666666666667
0 0.10748792270531402 0.6986666666666667 0.21497584541062803 0.3626666666666667
0 0.37037037037037035 0.544 0.05394524959742351 0.11733333333333333
0 0.4307568438003221 0.5173333333333333 0.0322061191626409 0.072
0 0.22705314009661837 0.58 0.09822866344605476 0.144
0 0.2834138486312399 0.5466666666666666 0.061996779388083734 0.13066666666666665
0 0.47342995169082125 0.5026666666666667 0.024154589371980676 0.04533333333333334
0 0.34782608695652173 0.5266666666666666 0.04508856682769726 0.08266666666666667
0 0.4078099838969404 0.5173333333333333 0.03784219001610306 0.056
0 0.08574879227053141 0.572 0.107085346215781 0.14666666666666667
0 0.10305958132045089 0.5426666666666666 0.09903381642512077 0.09866666666666667
0 0.534621578099839 0.49466666666666664 0.01932367149758454 0.04