0 0.14210950080515297 0.724 0.21014492753623187 0.37066666666666664
0 0.357890499194847 0.6186666666666667 0.09420289855072464 0.224
0 0.249597423510467 0.64 0.1247987117552335 0.24
5 0.6944444444444444 0.5933333333333334 0.09581320450885668 0.2613333333333333
0 0.9440418679549114 0.5386666666666666 0.11030595813204509 0.2693333333333333
5 0.9871175523349437 0.7106666666666667 0.024154589371980676 0.5733333333333334
5 0.7620772946859904 0.612 0.11191626409017713 0.304
0 0.42954911433172305 0.532 0.0322061191626409 0.09333333333333334
0 0.5479066022544283 0.524 0.07326892109500806 0.096
0 0.5193236714975845 0.5066666666666667 0.050724637681159424 0.06933333333333333
1 0.4053945249597424 0.5453333333333333 0.0571658615136876 0.17066666666666666