0 0.45044319097502017 0.5106382978723404 0.017727639000805803 0.047872340425531915
0 0.03908138597904915 0.7579787234042553 0.0781627719580983 0.4787234042553192
0 0.5346494762288477 0.5917553191489362 0.08783239323126511 0.21808510638297873
0 0.1990330378726833 0.6502659574468085 0.1506849315068493 0.26595744680851063
1 0.11885576148267527 0.5678191489361702 0.15471394037066882 0.24468085106382978
0 0.28807413376309426 0.5851063829787234 0.08058017727639001 0.16489361702127658
0 0.4254633360193392 0.5412234042553191 0.038678485092667206 0.1196808510638298
0 0.3203062046736503 0.5465425531914894 0.053988718775181306 0.11436170212765957
0 0.24576954069298954 0.5492021276595744 0.06607574536663981 0.11436170212765957
0 0.35374697824335216 0.526595744680851 0.031426269137792104 0.07446808510638298
1 0.2775987107171636 0.5146276595744681 0.04915390813859791 0.11170212765957446
0 0.36422240128928285 0.5172872340425532 0.0249798549556809 0.061170212765957445
1 0.3799355358581789 0.4933510638297872 0.020145044319097503 0.08244680851063829