0 0.2716503267973856 0.6905405405405406 0.20261437908496732 0.4027027027027027
5 0.9852941176470589 0.4554054054054054 0.027777777777777776 0.21351351351351353
3 0.5065359477124183 0.527027027027027 0.03758169934640523 0.22432432432432434
5 0.7524509803921569 0.4648648648648649 0.04084967320261438 0.11891891891891893
3 0.33619281045751637 0.5513513513513514 0.027777777777777776 0.2594594594594595
5 0.744281045751634 0.4702702702702703 0.024509803921568627 0.14054054054054055
3 0.13562091503267973 0.572972972972973 0.02696078431372549 0.1864864864864865
3 0.11601307189542484 0.581081081081081 0.02369281045751634 0.1810810810810811
5 0.2818627450980392 0.5662162162162162 0.07598039215686274 0.22972972972972974
3 0.11764705882352941 0.577027027027027 0.03022875816993464 0.1918918918918919
3 0.0755718954248366 0.5878378378378378 0.041666666666666664 0.24324324324324326
3 0.2013888888888889 0.5567567567567567 0.022058823529411766 0.23243243243243245
0 0.9436274509803921 0.45675675675675675 0.1111111111111111 0.10540540540540541