0 0.9468954248366013 0.5675675675675675 0.10457516339869281 0.13783783783783785
0 0.8946078431372549 0.5621621621621622 0.10212418300653595 0.13243243243243244
0 0.8255718954248366 0.5621621621621622 0.09477124183006536 0.14324324324324325
0 0.5061274509803921 0.5067567567567568 0.027777777777777776 0.08108108108108109
3 0.9918300653594772 0.7081081081081081 0.014705882352941176 0.5783783783783784
3 0.16299019607843138 0.4743243243243243 0.013888888888888888 0.12702702702702703
3 0.25449346405228757 0.4972972972972973 0.014705882352941176 0.13783783783783785
5 0.4305555555555556 0.49864864864864866 0.02042483660130719 0.13243243243243244
3 0.21977124183006536 0.4743243243243243 0.014705882352941176 0.11621621621621622
3 0.2875816993464052 0.55 0.03022875816993464 0.24594594594594596
3 0.31290849673202614 0.5445945945945946 0.0457516339869281 0.23513513513513515
3 0.34354575163398693 0.5540540540540541 0.0392156862745098 0.25405405405405407
3 0.4456699346405229 0.5891891891891892 0.04003267973856209 0.33513513513513515
3 0.48570261437908496 0.577027027027027 0.04656862745098039 0.2972972972972973
3 0.32107843137254904 0.5891891891891892 0.032679738562091505 0.3108108108108108
3 0.35947712418300654 0.577027027027027 0.03594771241830065 0.2972972972972973
3 0.3897058823529412 0.5716216216216217 0.0392156862745098 0.26216216216216215
3 0.28880718954248363 0.5608108108108109 0.03349673202614379 0.2648648648648649