0 0.23711755233494364 0.7226666666666667 0.2069243156199678 0.384
0 0.0966183574879227 0.7666666666666667 0.1932367149758454 0.4613333333333333
0 0.7020933977455717 0.5586666666666666 0.12318840579710146 0.22666666666666666
0 0.3522544283413849 0.604 0.0966183574879227 0.21866666666666668
0 0.40458937198067635 0.5666666666666667 0.05636070853462158 0.13866666666666666
0 0.4219001610305958 0.552 0.04669887278582931 0.11466666666666667
0 0.5543478260869565 0.5386666666666666 0.043478260869565216 0.12533333333333332
0 0.6948470209339774 0.5146666666666667 0.1457326892109501 0.16
0 0.5700483091787439 0.5306666666666666 0.0499194847020934 0.10133333333333333
0 0.5994363929146538 0.5133333333333333 0.05233494363929147 0.09333333333333334
0 0.571658615136876 0.4693333333333333 0.0322061191626409 0.034666666666666665