0 0.4161966156325544 0.511968085106383 0.016921837228041903 0.047872340425531915
0 0.44963738920225627 0.5558510638297872 0.0531829170024174 0.15425531914893617
0 0.060838033843674456 0.738031914893617 0.12167606768734891 0.4015957446808511
0 0.36341659951651895 0.5585106382978723 0.055600322320709106 0.15691489361702127
0 0.18211120064464142 0.5997340425531915 0.12087026591458501 0.19680851063829788
0 0.09951651893634166 0.589095744680851 0.12812248186946013 0.17287234042553193
0 0.2771958098307816 0.5478723404255319 0.0531829170024174 0.10904255319148937
1 0.17969379532634971 0.5292553191489362 0.07977437550362611 0.15159574468085107
0 0.3082191780821918 0.5279255319148937 0.037066881547139406 0.0797872340425532
0 0.24093473005640612 0.5332446808510638 0.0394842868654311 0.07446808510638298
1 0.33763094278807415 0.4920212765957447 0.0273972602739726 0.09840425531914894