0 0.463768115942029 0.5453333333333333 0.039452495974235106 0.10133333333333333
0 0.24677938808373592 0.6106666666666667 0.14412238325281804 0.19466666666666665
0 0.30152979066022545 0.5786666666666667 0.10386473429951691 0.17333333333333334
0 0.35829307568438 0.5533333333333333 0.0821256038647343 0.112
0 0.3812399355877617 0.544 0.06280193236714976 0.09866666666666667
1 0.3961352657004831 0.5146666666666667 0.0644122383252818 0.104
0 0.6670692431561996 0.7026666666666667 0.17310789049919484 0.3973333333333333
0 0.607085346215781 0.624 0.08695652173913043 0.22666666666666666
0 0.5692431561996779 0.5786666666666667 0.06763285024154589 0.168
2 0.5394524959742351 0.464 0.0644122383252818 0.2773333333333333
0 0.15780998389694043 0.5666666666666667 0.08695652173913043 0.12
0 0.4782608695652174 0.5293333333333333 0.029790660225442835 0.08266666666666667