0 0.4967793880837359 0.5226666666666666 0.03462157809983897 0.10933333333333334
0 0.9834943639291466 0.7146666666666667 0.03140096618357488 0.5653333333333334
0 0.854669887278583 0.704 0.24476650563607086 0.504
0 0.715780998389694 0.6226666666666667 0.177938808373591 0.304
0 0.6545893719806763 0.5746666666666667 0.1360708534621578 0.24533333333333332
0 0.6316425120772947 0.552 0.12077294685990338 0.17866666666666667
0 0.6090982286634461 0.532 0.10386473429951691 0.15733333333333333
0 0.5869565217391305 0.516 0.07971014492753623 0.10133333333333333
0 0.4174718196457327 0.512 0.02254428341384863 0.056
0 0.5603864734299517 0.5013333333333333 0.05877616747181964 0.07733333333333334
0 0.5438808373590982 0.496 0.04830917874396135 0.06133333333333333
1 0.534621578099839 0.4826666666666667 0.04106280193236715 0.06133333333333333
0 0.3965378421900161 0.49333333333333335 0.021739130434782608 0.050666666666666665
0 0.3756038647342995 0.492 0.014492753623188406 0.04