0 0.5595813204508857 0.5506666666666666 0.05394524959742351 0.13866666666666666
0 0.1956521739130435 0.7693333333333333 0.2391304347826087 0.456
0 0.7797906602254429 0.536 0.19082125603864733 0.184
0 0.7342995169082126 0.496 0.1497584541062802 0.19733333333333333
0 0.35909822866344604 0.552 0.05152979066022544 0.12266666666666666
0 0.27375201288244766 0.612 0.09742351046698873 0.18933333333333333
0 0.6710950080515298 0.5026666666666667 0.10869565217391304 0.128
0 0.39573268921095006 0.532 0.033816425120772944 0.08
0 0.895330112721417 0.4613333333333333 0.10064412238325282 0.10933333333333334
0 0.857487922705314 0.46266666666666667 0.09500805152979067 0.088
1 0.9589371980676329 0.43733333333333335 0.08051529790660225 0.16