0 0.49838969404186795 0.5293333333333333 0.04106280193236715 0.13066666666666665
0 0.19162640901771336 0.6413333333333333 0.15136876006441224 0.24266666666666667
0 0.7822061191626409 0.6493333333333333 0.2214170692431562 0.408
0 0.6457326892109501 0.5613333333333334 0.13285024154589373 0.19733333333333333
0 0.6256038647342995 0.5426666666666666 0.10547504025764895 0.16
0 0.6123188405797102 0.52 0.08776167471819646 0.144
1 0.5740740740740741 0.49466666666666664 0.07971014492753623 0.128
0 0.5575684380032206 0.5 0.061191626409017714 0.08
0 0.5394524959742351 0.48933333333333334 0.04106280193236715 0.056
0 0.3148148148148148 0.5173333333333333 0.0499194847020934 0.096
1 0.4307568438003221 0.4693333333333333 0.029790660225442835 0.088
0 0.34299516908212563 0.5133333333333333 0.03784219001610306 0.07733333333333334
0 0.36553945249597425 0.5106666666666667 0.029790660225442835 0.056
0 0.4001610305958132 0.49466666666666664 0.024154589371980676 0.04533333333333334
0 0.2926731078904992 0.5093333333333333 0.030595813204508857 0.06666666666666667
0 0.07326892109500806 0.5186666666666667 0.03462157809983897 0.07733333333333334