0 0.49556809024979853 0.5558510638297872 0.06124093473005641 0.18617021276595744
0 0.02215954875100725 0.6941489361702128 0.0443190975020145 0.34308510638297873
0 0.12812248186946013 0.7420212765957447 0.25624496373892025 0.5106382978723404
0 0.20467365028203063 0.589095744680851 0.11845286059629331 0.18085106382978725
0 0.3315874294923449 0.586436170212766 0.09750201450443191 0.21010638297872342
0 0.39000805801772764 0.5372340425531915 0.04593070104754231 0.10106382978723404
0 0.41659951651893634 0.5186170212765957 0.035455278001611606 0.08244680851063829
0 0.19540692989524577 0.5545212765957447 0.0926672038678485 0.1276595744680851
0 0.25302175664786464 0.535904255319149 0.057211925866236905 0.09574468085106383
1 0.3501208702659146 0.4973404255319149 0.031426269137792104 0.07446808510638298
0 0.5173247381144238 0.5 0.015310233682514102 0.0398936170212766