0 0.8482286634460547 0.7426666666666667 0.30193236714975846 0.5093333333333333
0 0.39331723027375204 0.5826666666666667 0.09420289855072464 0.2853333333333333
4 0.7475845410628019 0.7453333333333333 0.09098228663446055 0.504
0 0.12962962962962962 0.78 0.25925925925925924 0.43466666666666665
0 0.6211755233494364 0.5746666666666667 0.07971014492753623 0.16533333333333333
0 0.6900161030595813 0.6413333333333333 0.13285024154589373 0.2853333333333333
0 0.463365539452496 0.5133333333333333 0.027375201288244767 0.08533333333333333
0 0.42592592592592593 0.5586666666666666 0.05877616747181964 0.15733333333333333
0 0.6030595813204509 0.5546666666666666 0.05314009661835749 0.13333333333333333
0 0.5813204508856683 0.5306666666666666 0.04106280193236715 0.09866666666666667
0 0.5676328502415459 0.52 0.03462157809983897 0.08533333333333333