0 0.4855072463768116 0.504 0.020128824476650563 0.06133333333333333
0 0.35426731078904994 0.6266666666666667 0.10628019323671498 0.25066666666666665
0 0.927536231884058 0.7626666666666667 0.143317230273752 0.4693333333333333
0 0.8148148148148148 0.7346666666666667 0.3687600644122383 0.5253333333333333
0 0.6541867954911433 0.6493333333333333 0.13365539452495975 0.38133333333333336
0 0.571256038647343 0.5613333333333334 0.06682769726247988 0.16533333333333333
0 0.5314009661835749 0.5186666666666667 0.030595813204508857 0.088
0 0.5531400966183575 0.5386666666666666 0.04830917874396135 0.13333333333333333
0 0.3079710144927536 0.5373333333333333 0.06521739130434782 0.07733333333333334
0 0.2250402576489533 0.5413333333333333 0.07326892109500806 0.08266666666666667
0 0.5157004830917874 0.504 0.020128824476650563 0.056
3 0.6980676328502415 0.564 0.03462157809983897 0.30666666666666664