0 0.13768115942028986 0.6386666666666667 0.2753623188405797 0.37066666666666664
1 0.16505636070853463 0.48133333333333334 0.33011272141706927 0.5386666666666666
0 0.7439613526570048 0.7466666666666667 0.26811594202898553 0.5013333333333333
0 0.8031400966183575 0.5986666666666667 0.1932367149758454 0.24266666666666667
0 0.7129629629629629 0.564 0.178743961352657 0.184
0 0.29307568438003223 0.5333333333333333 0.14492753623188406 0.168
0 0.5225442834138486 0.48933333333333334 0.021739130434782608 0.05333333333333334
0 0.4106280193236715 0.48533333333333334 0.05877616747181964 0.072
0 0.5893719806763285 0.5026666666666667 0.06763285024154589 0.08266666666666667
0 0.3667471819645733 0.5133333333333333 0.09420289855072464 0.11466666666666667
0 0.6356682769726248 0.5173333333333333 0.0861513687600644 0.11733333333333333