0 0.4863123993558776 0.5706666666666667 0.04830917874396135 0.13333333333333333
0 0.19082125603864733 0.6426666666666667 0.15217391304347827 0.2826666666666667
0 0.3289049919484702 0.7146666666666667 0.1642512077294686 0.33866666666666667
0 0.3828502415458937 0.62 0.07890499194847021 0.22133333333333333
0 0.4033816425120773 0.584 0.06038647342995169 0.15466666666666667
0 0.3280998389694042 0.5666666666666667 0.08776167471819646 0.13333333333333333
0 0.44565217391304346 0.528 0.024154589371980676 0.064
3 0.9758454106280193 0.76 0.04669887278582931 0.4746666666666667
0 0.822866344605475 0.7653333333333333 0.3526570048309179 0.464
0 0.6606280193236715 0.7053333333333334 0.16344605475040258 0.33866666666666667
0 0.5933977455716586 0.596 0.07971014492753623 0.21066666666666667
0 0.5273752012882448 0.544 0.033011272141706925 0.08533333333333333
2 0.5245571658615137 0.48 0.04106280193236715 0.16266666666666665
0 0.2246376811594203 0.5413333333333333 0.06038647342995169 0.08533333333333333
0 0.4810789049919485 0.5386666666666666 0.030595813204508857 0.09333333333333334
0 0.11996779388083736 0.5533333333333333 0.09339774557165861 0.12