3 0.2898550724637681 0.4866666666666667 0.014492753623188406 0.11466666666666667
0 0.27979066022544286 0.47333333333333333 0.050724637681159424 0.128
0 0.31602254428341386 0.484 0.0499194847020934 0.09333333333333334
0 0.3647342995169082 0.47733333333333333 0.057971014492753624 0.08
1 0.49516908212560384 0.46266666666666667 0.05475040257648953 0.09866666666666667
0 0.5169082125603864 0.4666666666666667 0.04186795491143317 0.06666666666666667
0 0.5519323671497585 0.46266666666666667 0.043478260869565216 0.06933333333333333
0 0.5780998389694042 0.4693333333333333 0.04830917874396135 0.056
0 0.6014492753623188 0.4706666666666667 0.03542673107890499 0.056
0 0.6207729468599034 0.4706666666666667 0.040257648953301126 0.050666666666666665
0 0.6413043478260869 0.4666666666666667 0.04669887278582931 0.05333333333333334
1 0.6763285024154589 0.448 0.04830917874396135 0.07466666666666667
0 0.6940418679549114 0.4573333333333333 0.0426731078904992 0.050666666666666665
0 0.7097423510466989 0.45866666666666667 0.037037037037037035 0.04533333333333334