0 0.07729468599033816 0.7413333333333333 0.15458937198067632 0.512
0 0.08695652173913043 0.6746666666666666 0.17391304347826086 0.384
0 0.15136876006441224 0.6573333333333333 0.24798711755233493 0.2986666666666667
0 0.19484702093397746 0.6013333333333334 0.21980676328502416 0.24
0 0.27012882447665054 0.5826666666666667 0.14412238325281804 0.18933333333333333
0 0.29508856682769724 0.5626666666666666 0.14009661835748793 0.208
5 0.4355877616747182 0.5506666666666666 0.01288244766505636 0.09866666666666667
0 0.8530595813204509 0.788 0.2922705314009662 0.4186666666666667
0 0.8743961352657005 0.6733333333333333 0.249597423510467 0.4
0 0.8123993558776168 0.6413333333333333 0.2222222222222222 0.2906666666666667
0 0.7387278582930756 0.6266666666666667 0.16344605475040258 0.21866666666666668
0 0.7045088566827697 0.5933333333333334 0.11916264090177134 0.18666666666666668
0 0.6731078904991948 0.5946666666666667 0.13687600644122383 0.17333333333333334
0 0.644524959742351 0.5826666666666667 0.12399355877616747 0.136
0 0.6332528180354268 0.56 0.10144927536231885 0.14666666666666667
0 0.36513687600644124 0.5533333333333333 0.08695652173913043 0.096
0 0.38164251207729466 0.5533333333333333 0.07407407407407407 0.088
0 0.5265700483091788 0.5453333333333333 0.03140096618357488 0.08
0 0.5120772946859904 0.528 0.01932367149758454 0.056
1 0.49798711755233493 0.49866666666666665 0.012077294685990338 0.048