0 0.13365539452495975 0.776 0.2673107890499195 0.44266666666666665
0 0.39371980676328505 0.592 0.07407407407407407 0.19733333333333333
0 0.4307568438003221 0.552 0.04186795491143317 0.12
1 0.4468599033816425 0.5053333333333333 0.03542673107890499 0.128
0 0.15177133655394526 0.7093333333333334 0.21256038647342995 0.376
0 0.5986312399355878 0.5533333333333333 0.1143317230273752 0.14666666666666667
0 0.5801127214170693 0.54 0.09581320450885668 0.112
0 0.5466988727858293 0.5213333333333333 0.06763285024154589 0.09333333333333334
1 0.46497584541062803 0.504 0.024154589371980676 0.07733333333333334
1 0.3140096618357488 0.6426666666666667 0.17310789049919484 0.456
5 0.9424315619967794 0.584 0.11352657004830918 0.3466666666666667