3 0.821256038647343 0.6693333333333333 0.09017713365539452 0.656
5 0.3192431561996779 0.5493333333333333 0.040257648953301126 0.22933333333333333
5 0.3365539452495974 0.5386666666666666 0.03462157809983897 0.18933333333333333
1 0.4311594202898551 0.488 0.06682769726247988 0.17066666666666666
4 0.10265700483091787 0.5906666666666667 0.04669887278582931 0.17066666666666666
4 0.1316425120772947 0.5786666666666667 0.05314009661835749 0.16
3 0.13083735909822866 0.568 0.020933977455716585 0.21333333333333335
3 0.8276972624798712 0.6493333333333333 0.0821256038647343 0.5493333333333333
3 0.7318840579710145 0.6933333333333334 0.0426731078904992 0.2986666666666667
3 0.751207729468599 0.6906666666666667 0.033011272141706925 0.2986666666666667
5 0.5052334943639292 0.5173333333333333 0.03462157809983897 0.12266666666666666
0 0.3691626409017713 0.5093333333333333 0.057971014492753624 0.06666666666666667