0 0.7326892109500805 0.676 0.1956521739130435 0.37066666666666664
0 0.4553140096618358 0.5053333333333333 0.06602254428341385 0.08
3 0.37962962962962965 0.5213333333333333 0.011272141706924315 0.13333333333333333
5 0.7375201288244766 0.536 0.06682769726247988 0.168
0 0.6288244766505636 0.4826666666666667 0.061996779388083734 0.07466666666666667
0 0.7822061191626409 0.47333333333333333 0.07729468599033816 0.072
1 0.96658615136876 0.4613333333333333 0.06521739130434782 0.09333333333333334
0 0.3643317230273752 0.5106666666666667 0.05233494363929147 0.07466666666666667
0 0.21256038647342995 0.5226666666666666 0.05314009661835749 0.072
0 0.4778582930756844 0.484 0.018518518518518517 0.042666666666666665
0 0.44847020933977455 0.48933333333333334 0.021739130434782608 0.042666666666666665