0 0.05923202614379085 0.7040540540540541 0.1184640522875817 0.3783783783783784
5 0.9791666666666666 0.5918918918918918 0.04003267973856209 0.5378378378378378
5 0.40032679738562094 0.4945945945945946 0.013888888888888888 0.11081081081081082
3 0.6188725490196079 0.5662162162162162 0.035130718954248366 0.3162162162162162
3 0.5796568627450981 0.5554054054054054 0.04330065359477124 0.35135135135135137
3 0.6237745098039216 0.5364864864864864 0.029411764705882353 0.27837837837837837
5 0.27450980392156865 0.5364864864864864 0.032679738562091505 0.20540540540540542
3 0.9375 0.4283783783783784 0.014705882352941176 0.12432432432432433
3 0.9550653594771242 0.43108108108108106 0.014705882352941176 0.10810810810810811
3 0.9342320261437909 0.4391891891891892 0.014705882352941176 0.12162162162162163
5 0.9910130718954249 0.43513513513513513 0.016339869281045753 0.12972972972972974