0 0.09903381642512077 0.724 0.19806763285024154 0.5066666666666667
0 0.10225442834138486 0.644 0.20450885668276972 0.344
0 0.18035426731078905 0.6386666666666667 0.22302737520128824 0.272
0 0.21578099838969403 0.5893333333333334 0.2028985507246377 0.224
0 0.2830112721417069 0.5626666666666666 0.13526570048309178 0.17866666666666667
0 0.30515297906602257 0.544 0.13285024154589373 0.19733333333333333
5 0.4384057971014493 0.5373333333333333 0.012077294685990338 0.09333333333333334
0 0.8369565217391305 0.776 0.3244766505636071 0.44266666666666665
0 0.8631239935587761 0.6546666666666666 0.2721417069243156 0.36
0 0.7866344605475041 0.624 0.20128824476650564 0.264
0 0.7230273752012882 0.6093333333333333 0.15136876006441224 0.20533333333333334
0 0.6940418679549114 0.576 0.11191626409017713 0.176
0 0.6646537842190016 0.5746666666666667 0.12962962962962962 0.16266666666666665
0 0.6396940418679549 0.5653333333333334 0.11835748792270531 0.13066666666666665
0 0.6288244766505636 0.544 0.09742351046698873 0.14133333333333334
0 0.3691626409017713 0.536 0.08454106280193237 0.09333333333333334
0 0.3852657004830918 0.536 0.07246376811594203 0.08533333333333333
0 0.5257648953301127 0.5306666666666666 0.030595813204508857 0.07733333333333334
0 0.5132850241545893 0.5146666666666667 0.01932367149758454 0.05333333333333334
1 0.49879227053140096 0.48533333333333334 0.012077294685990338 0.048