0 0.9464869281045751 0.5648648648648649 0.1053921568627451 0.13783783783783785
0 0.8941993464052288 0.5635135135135135 0.10130718954248366 0.13243243243243244
0 0.8259803921568627 0.5621621621621622 0.09477124183006536 0.14324324324324325
0 0.5061274509803921 0.5081081081081081 0.027777777777777776 0.08108108108108109
5 0.6499183006535948 0.6459459459459459 0.12990196078431374 0.4189189189189189
5 0.7973856209150327 0.6027027027027027 0.15359477124183007 0.43783783783783786
5 0.29248366013071897 0.5702702702702702 0.05065359477124183 0.24594594594594596
3 0.15727124183006536 0.46756756756756757 0.01715686274509804 0.12972972972972974
3 0.16094771241830066 0.5027027027027027 0.021241830065359478 0.1783783783783784
3 0.13562091503267973 0.49324324324324326 0.022058823529411766 0.1837837837837838
3 0.7753267973856209 0.6837837837837838 0.06209150326797386 0.5567567567567567
3 0.7924836601307189 0.6513513513513514 0.058823529411764705 0.5162162162162162
3 0.8970588235294118 0.6702702702702703 0.06699346405228758 0.6081081081081081
3 0.9477124183006536 0.6878378378378378 0.10294117647058823 0.6189189189189189