0 0.04388083735909823 0.78 0.08776167471819646 0.43466666666666665
0 0.28140096618357485 0.6133333333333333 0.10950080515297907 0.21333333333333335
0 0.3365539452495974 0.572 0.07085346215780998 0.144
0 0.36594202898550726 0.5533333333333333 0.04911433172302738 0.11466666666666667
0 0.3888888888888889 0.5373333333333333 0.04186795491143317 0.09066666666666667
0 0.6855877616747182 0.468 0.09339774557165861 0.11733333333333333
0 0.6501610305958132 0.4666666666666667 0.06924315619967794 0.10133333333333333
0 0.9597423510466989 0.4053333333333333 0.07890499194847021 0.11466666666666667
0 0.9396135265700483 0.4146666666666667 0.11513687600644122 0.11466666666666667
0 0.9110305958132046 0.42 0.1111111111111111 0.096
0 0.8836553945249598 0.42 0.10144927536231885 0.09066666666666667
0 0.41304347826086957 0.5213333333333333 0.033816425120772944 0.072
0 0.5531400966183575 0.5026666666666667 0.03462157809983897 0.088