0 0.6168412570507655 0.6117021276595744 0.0958904109589041 0.22340425531914893
0 0.11200644641418211 0.6156914893617021 0.1788879935535858 0.2765957446808511
0 0.28364222401289285 0.651595744680851 0.1563255439161966 0.31117021276595747
0 0.3851732473811442 0.5465425531914894 0.060435132957292505 0.14893617021276595
0 0.5511684125705076 0.5332446808510638 0.046736502820306204 0.11436170212765957
0 0.4101531023368251 0.5345744680851063 0.0427074939564867 0.10372340425531915
0 0.33360193392425463 0.5319148936170213 0.04754230459307011 0.09308510638297872
0 0.3698630136986301 0.5186170212765957 0.033037872683319904 0.06914893617021277
0 0.43593875906526997 0.5093085106382979 0.020950846091861403 0.05319148936170213
0 0.48186946011281223 0.5053191489361702 0.020145044319097503 0.061170212765957445
0 0.516116035455278 0.5053191489361702 0.018533440773569703 0.05319148936170213
0 0.5060435132957293 0.49867021276595747 0.015310233682514102 0.04521276595744681
1 0.2908944399677679 0.4734042553191489 0.03384367445608381 0.06914893617021277