0 0.1247987117552335 0.7693333333333333 0.249597423510467 0.456
3 0.7053140096618358 0.5373333333333333 0.02818035426731079 0.25066666666666665
0 0.7270531400966184 0.6626666666666666 0.16666666666666666 0.34933333333333333
0 0.6517713365539453 0.5946666666666667 0.09822866344605476 0.21066666666666667
0 0.3695652173913043 0.5906666666666667 0.09339774557165861 0.208
0 0.4086151368760064 0.56 0.05877616747181964 0.144
0 0.605877616747182 0.552 0.06280193236714976 0.14666666666666667
0 0.4335748792270531 0.536 0.04428341384863124 0.12266666666666666
0 0.4742351046698873 0.5213333333333333 0.04186795491143317 0.09066666666666667
0 0.5881642512077294 0.5333333333333333 0.036231884057971016 0.112
0 0.5475040257648953 0.5053333333333333 0.04186795491143317 0.06666666666666667