0 0.10628019323671498 0.7626666666666667 0.21256038647342995 0.4693333333333333
0 0.2471819645732689 0.6893333333333334 0.20933977455716588 0.38133333333333336
0 0.9468599033816425 0.5226666666666666 0.10466988727858294 0.272
0 0.8325281803542673 0.5373333333333333 0.11674718196457327 0.21333333333333335
0 0.7677133655394525 0.5253333333333333 0.09742351046698873 0.18133333333333335
0 0.7391304347826086 0.516 0.09581320450885668 0.152
0 0.711352657004831 0.5093333333333333 0.09098228663446055 0.13866666666666666
0 0.6896135265700483 0.512 0.09017713365539452 0.11466666666666667
0 0.5982286634460547 0.5706666666666667 0.08293075684380032 0.21333333333333335
0 0.572061191626409 0.5506666666666666 0.05394524959742351 0.13066666666666665
0 0.3896940418679549 0.552 0.07085346215780998 0.16
1 0.41505636070853463 0.5173333333333333 0.05636070853462158 0.15733333333333333
0 0.6227858293075684 0.49066666666666664 0.06602254428341385 0.096
2 0.5148953301127214 0.45466666666666666 0.04589371980676329 0.15733333333333333