1 0.4243156199677939 0.496 0.027375201288244767 0.09866666666666667
5 0.45450885668276975 0.588 0.043478260869565216 0.26666666666666666
0 0.8023349436392915 0.744 0.39371980676328505 0.5066666666666667
0 0.1034621578099839 0.7613333333333333 0.2069243156199678 0.4693333333333333
1 0.20813204508856684 0.6253333333333333 0.143317230273752 0.296
0 0.5772946859903382 0.6 0.11674718196457327 0.2826666666666667
0 0.5249597423510467 0.5626666666666666 0.08132045088566828 0.18666666666666668
0 0.2717391304347826 0.5933333333333334 0.07648953301127215 0.17333333333333334
3 0.7089371980676329 0.5493333333333333 0.03462157809983897 0.2613333333333333
0 0.3003220611916264 0.5613333333333334 0.05314009661835749 0.12533333333333332
0 0.4939613526570048 0.5493333333333333 0.050724637681159424 0.12533333333333332