0 0.9473039215686274 0.5689189189189189 0.10375816993464053 0.13783783783783785
0 0.8946078431372549 0.5621621621621622 0.10212418300653595 0.13243243243243244
0 0.8255718954248366 0.5621621621621622 0.09477124183006536 0.14324324324324325
0 0.5061274509803921 0.5067567567567568 0.027777777777777776 0.08108108108108109
3 0.9383169934640523 0.6783783783783783 0.06699346405228758 0.527027027027027
3 0.946078431372549 0.6783783783783783 0.04493464052287582 0.4486486486486487
3 0.5996732026143791 0.6108108108108108 0.05392156862745098 0.3837837837837838
3 0.22344771241830066 0.5243243243243243 0.017973856209150325 0.20270270270270271
3 0.27328431372549017 0.5202702702702703 0.024509803921568627 0.1972972972972973
3 0.2834967320261438 0.5324324324324324 0.015522875816993464 0.20540540540540542
3 0.31086601307189543 0.5581081081081081 0.03104575163398693 0.26216216216216215
3 0.3525326797385621 0.5527027027027027 0.031862745098039214 0.23243243243243245
3 0.2107843137254902 0.5391891891891892 0.028594771241830064 0.24054054054054055
3 0.247140522875817 0.5418918918918919 0.027777777777777776 0.23243243243243245
3 0.27369281045751637 0.5486486486486486 0.024509803921568627 0.20810810810810812
3 0.24509803921568626 0.5337837837837838 0.03594771241830065 0.20810810810810812