0 0.6227858293075684 0.6066666666666667 0.11594202898550725 0.2693333333333333
0 0.1360708534621578 0.6 0.17552334943639292 0.20533333333333334
0 0.8397745571658615 0.7493333333333333 0.3188405797101449 0.496
0 0.5817230273752013 0.552 0.06602254428341385 0.176
0 0.35668276972624796 0.5746666666666667 0.07326892109500806 0.16266666666666665
0 0.38687600644122383 0.54 0.05314009661835749 0.144
0 0.5503220611916264 0.5266666666666666 0.043478260869565216 0.11466666666666667
0 0.966988727858293 0.784 0.0644122383252818 0.4266666666666667
0 0.41264090177133655 0.5293333333333333 0.040257648953301126 0.11466666666666667
1 0.534621578099839 0.4666666666666667 0.04106280193236715 0.14133333333333334
0 0.44041867954911434 0.49733333333333335 0.01932367149758454 0.04