0 0.9396135265700483 0.552 0.11916264090177134 0.2986666666666667
0 0.8812399355877617 0.5386666666666666 0.15136876006441224 0.24533333333333332
0 0.8168276972624798 0.54 0.13848631239935588 0.18666666666666668
0 0.7697262479871175 0.532 0.107085346215781 0.15466666666666667
0 0.8055555555555556 0.7293333333333333 0.31239935587761675 0.536
0 0.6566022544283414 0.628 0.11352657004830918 0.25333333333333335
0 0.3192431561996779 0.656 0.1529790660225443 0.3253333333333333
1 0.3828502415458937 0.5626666666666666 0.10305958132045089 0.25866666666666666
0 0.7334943639291466 0.5213333333333333 0.09178743961352658 0.13066666666666665
0 0.6799516908212561 0.504 0.09500805152979067 0.13333333333333333
1 0.6819645732689211 0.492 0.11835748792270531 0.13333333333333333
0 0.4190821256038647 0.5613333333333334 0.057971014492753624 0.15733333333333333
0 0.4359903381642512 0.544 0.0499194847020934 0.12
0 0.6119162640901772 0.48933333333333334 0.06038647342995169 0.06933333333333333
2 0.532608695652174 0.46 0.05555555555555555 0.19466666666666665