0 0.4943639291465378 0.5493333333333333 0.04428341384863124 0.12
0 0.1324476650563607 0.7333333333333333 0.21256038647342995 0.48
0 0.24476650563607086 0.6373333333333333 0.17391304347826086 0.312
0 0.34299516908212563 0.5626666666666666 0.11674718196457327 0.16266666666666665
0 0.36594202898550726 0.5466666666666666 0.09098228663446055 0.144
0 0.39090177133655396 0.5293333333333333 0.07246376811594203 0.10133333333333333
1 0.4102254428341385 0.49066666666666664 0.0821256038647343 0.14666666666666667
0 0.8603059581320451 0.712 0.2777777777777778 0.5706666666666667
3 0.5998389694041868 0.5613333333333334 0.020933977455716585 0.16533333333333333
0 0.7930756843800322 0.568 0.15780998389694043 0.2
0 0.49033816425120774 0.52 0.027375201288244767 0.08266666666666667
0 0.08011272141706924 0.6293333333333333 0.16022544283413848 0.2773333333333333
1 0.9263285024154589 0.5346666666666666 0.1457326892109501 0.2906666666666667
0 0.19444444444444445 0.5186666666666667 0.07890499194847021 0.11733333333333333
2 0.34017713365539454 0.47733333333333333 0.04589371980676329 0.10933333333333334