0 0.5136876006441223 0.5813333333333334 0.05958132045088567 0.18933333333333333
0 0.6654589371980676 0.572 0.12640901771336555 0.21066666666666667
0 0.5970209339774557 0.54 0.07004830917874397 0.11733333333333333
0 0.57085346215781 0.5293333333333333 0.061996779388083734 0.08533333333333333
0 0.02576489533011272 0.6733333333333333 0.05152979066022544 0.23733333333333334
0 0.3276972624798712 0.572 0.07085346215780998 0.13866666666666666
0 0.4214975845410628 0.5293333333333333 0.033011272141706925 0.08
0 0.45974235104669886 0.512 0.023349436392914653 0.056
0 0.2721417069243156 0.572 0.07568438003220612 0.12
0 0.3115942028985507 0.5426666666666666 0.050724637681159424 0.11466666666666667
0 0.36513687600644124 0.528 0.039452495974235106 0.07466666666666667
0 0.41867954911433175 0.5213333333333333 0.03462157809983897 0.05333333333333334
0 0.1574074074074074 0.5626666666666666 0.0821256038647343 0.12266666666666666
0 0.15619967793880837 0.54 0.0821256038647343 0.08533333333333333