0 0.9702093397745571 0.556 0.057971014492753624 0.33066666666666666
0 0.9198872785829307 0.548 0.15861513687600645 0.28
0 0.8458132045088567 0.5386666666666666 0.15056360708534622 0.20533333333333334
0 0.7862318840579711 0.5306666666666666 0.11513687600644122 0.168
0 0.8405797101449275 0.7373333333333333 0.3172302737520129 0.52
0 0.679549114331723 0.644 0.13848631239935588 0.29333333333333333
0 0.2886473429951691 0.6826666666666666 0.19001610305958133 0.38666666666666666
1 0.3687600644122383 0.5666666666666667 0.11674718196457327 0.288
0 0.7467793880837359 0.5173333333333333 0.09742351046698873 0.14133333333333334
0 0.6892109500805152 0.49466666666666664 0.10144927536231885 0.14133333333333334
1 0.6892109500805152 0.4866666666666667 0.1247987117552335 0.14133333333333334
0 0.41183574879227053 0.5586666666666666 0.06360708534621579 0.17066666666666666
0 0.43196457326892107 0.5386666666666666 0.05394524959742351 0.128
2 0.533816425120773 0.456 0.057971014492753624 0.20266666666666666