0 0.893317230273752 0.66 0.21175523349436393 0.6746666666666666
1 0.4303542673107891 0.5226666666666666 0.04830917874396135 0.176
1 0.783011272141707 0.4653333333333333 0.22061191626409019 0.28
0 0.25483091787439616 0.564 0.07809983896940419 0.13866666666666666
0 0.1723027375201288 0.5413333333333333 0.0966183574879227 0.18933333333333333
0 0.36191626409017713 0.5066666666666667 0.03864734299516908 0.09866666666666667
0 0.5817230273752013 0.5186666666666667 0.06763285024154589 0.12533333333333332
0 0.4609500805152979 0.48133333333333334 0.02818035426731079 0.08266666666666667
1 0.4923510466988728 0.452 0.029790660225442835 0.10666666666666667
0 0.6284219001610306 0.5066666666666667 0.071658615136876 0.13066666666666665
1 0.9528985507246377 0.43866666666666665 0.09259259259259259 0.19466666666666665
2 0.45491143317230276 0.43733333333333335 0.030595813204508857 0.14933333333333335
0 0.0430756843800322 0.5786666666666667 0.0861513687600644 0.14933333333333335