0 0.6269137792103142 0.6210106382978723 0.10233682514101532 0.24468085106382978
0 0.1635777598710717 0.5944148936170213 0.1434327155519742 0.23404255319148937
0 0.28887993553585817 0.6462765957446809 0.1514907332796132 0.30319148936170215
0 0.3887993553585818 0.5465425531914894 0.05801772763900081 0.14361702127659576
0 0.556809024979855 0.538563829787234 0.04915390813859791 0.12234042553191489
0 0.410958904109589 0.5305851063829787 0.0427074939564867 0.10106382978723404
0 0.33682514101531025 0.5305851063829787 0.04593070104754231 0.09042553191489362
0 0.37026591458501207 0.5132978723404256 0.031426269137792104 0.06914893617021277
0 0.43674456083803387 0.5066489361702128 0.020950846091861403 0.05053191489361702
0 0.48267526188557613 0.5039893617021277 0.020950846091861403 0.06648936170212766
0 0.5233682514101531 0.5066489361702128 0.021756647864625302 0.05851063829787234
0 0.508460918614021 0.49867021276595747 0.016116035455278 0.05053191489361702