0 0.6992753623188406 0.5306666666666666 0.19404186795491143 0.22666666666666666
0 0.9178743961352657 0.444 0.10305958132045089 0.10133333333333333
0 0.8892914653784219 0.4493333333333333 0.09822866344605476 0.096
0 0.8623188405797102 0.448 0.0966183574879227 0.09333333333333334
0 0.36996779388083734 0.5506666666666666 0.05233494363929147 0.13066666666666665
0 0.43760064412238325 0.5253333333333333 0.040257648953301126 0.104
0 0.6610305958132046 0.4706666666666667 0.08856682769726248 0.112
0 0.7459742351046699 0.448 0.04428341384863124 0.08266666666666667
1 0.8305152979066023 0.43333333333333335 0.050724637681159424 0.096
0 0.7761674718196457 0.45066666666666666 0.04911433172302738 0.07466666666666667
0 0.39009661835748793 0.5386666666666666 0.04428341384863124 0.104
0 0.53341384863124 0.49733333333333335 0.03140096618357488 0.06933333333333333
0 0.4923510466988728 0.504 0.021739130434782608 0.058666666666666666