0 0.5056360708534622 0.5546666666666666 0.050724637681159424 0.13866666666666666
0 0.06481481481481481 0.7373333333333333 0.12962962962962962 0.52
0 0.16626409017713364 0.716 0.27375201288244766 0.45866666666666667
0 0.3393719806763285 0.5866666666666667 0.12399355877616747 0.21866666666666668
0 0.3530595813204509 0.5506666666666666 0.09903381642512077 0.168
0 0.41304347826086957 0.52 0.07648953301127215 0.10133333333333333
1 0.4617552334943639 0.4653333333333333 0.04428341384863124 0.072
0 0.7423510466988728 0.684 0.19404186795491143 0.344
0 0.6380837359098228 0.564 0.09500805152979067 0.21333333333333335
3 0.5841384863123994 0.56 0.024154589371980676 0.16533333333333333
0 0.5785024154589372 0.5266666666666666 0.04186795491143317 0.096
0 0.5696457326892109 0.5093333333333333 0.039452495974235106 0.10133333333333333
0 0.5028180354267311 0.5093333333333333 0.030595813204508857 0.09066666666666667
0 0.07809983896940419 0.5186666666666667 0.13768115942028986 0.15733333333333333
1 0.6928341384863124 0.484 0.08454106280193237 0.10933333333333334