0 0.5048309178743962 0.568 0.0644122383252818 0.2
1 0.7351046698872786 0.5826666666666667 0.20128824476650564 0.44266666666666665
0 0.6324476650563607 0.5453333333333333 0.11996779388083736 0.18133333333333335
0 0.572061191626409 0.5013333333333333 0.06360708534621579 0.088
0 0.5499194847020934 0.49733333333333335 0.0426731078904992 0.06666666666666667
0 0.0998389694041868 0.5853333333333334 0.16747181964573268 0.22666666666666666
1 0.12640901771336555 0.5533333333333333 0.2528180354267311 0.704
0 0.21537842190016104 0.5586666666666666 0.09259259259259259 0.152
0 0.28381642512077293 0.548 0.06038647342995169 0.096
0 0.3635265700483092 0.5133333333333333 0.037037037037037035 0.064
0 0.37962962962962965 0.5013333333333333 0.026570048309178744 0.06933333333333333
0 0.40499194847020936 0.49066666666666664 0.02576489533011272 0.050666666666666665
0 0.4367954911433172 0.492 0.0249597423510467 0.037333333333333336
0 0.9440418679549114 0.5373333333333333 0.11030595813204509 0.10666666666666667
0 0.14371980676328502 0.5426666666666666 0.071658615136876 0.12266666666666666