0 0.05958132045088567 0.74 0.11916264090177134 0.43466666666666665
0 0.14009661835748793 0.6626666666666666 0.26006441223832527 0.30933333333333335
0 0.2210144927536232 0.624 0.20853462157809985 0.26666666666666666
0 0.25523349436392917 0.5933333333333334 0.1497584541062802 0.23466666666666666
0 0.2805958132045089 0.5773333333333334 0.16988727858293076 0.20266666666666666
0 0.2886473429951691 0.5586666666666666 0.11513687600644122 0.16533333333333333
0 0.3252818035426731 0.5533333333333333 0.1111111111111111 0.14133333333333334
0 0.33132045088566825 0.5453333333333333 0.11513687600644122 0.13066666666666665
0 0.3603059581320451 0.528 0.08454106280193237 0.11733333333333333
0 0.3687600644122383 0.512 0.08776167471819646 0.13333333333333333
5 0.45933977455716585 0.5053333333333333 0.008051529790660225 0.06666666666666667
0 0.6111111111111112 0.6053333333333333 0.08695652173913043 0.21333333333333335
0 0.6847826086956522 0.5546666666666666 0.13285024154589373 0.17333333333333334
0 0.5954106280193237 0.5173333333333333 0.06924315619967794 0.10133333333333333
0 0.5245571658615137 0.512 0.023349436392914653 0.058666666666666666