3 0.28104575163398693 0.48243243243243245 0.014705882352941176 0.10540540540540541
3 0.3631535947712418 0.4851351351351351 0.013071895424836602 0.07837837837837838
3 0.2741013071895425 0.46216216216216216 0.006535947712418301 0.08648648648648649
0 0.829248366013072 0.5540540540540541 0.08823529411764706 0.12972972972972974
0 0.8946078431372549 0.5581081081081081 0.0988562091503268 0.12432432432432433
0 0.9481209150326797 0.5594594594594594 0.10212418300653595 0.12702702702702703
3 0.2945261437908497 0.46216216216216216 0.008169934640522876 0.0918918918918919
3 0.2651143790849673 0.5432432432432432 0.022058823529411766 0.2
3 0.3284313725490196 0.5445945945945946 0.029411764705882353 0.22702702702702704
5 0.4624183006535948 0.5162162162162162 0.021241830065359478 0.16216216216216217
0 0.5061274509803921 0.5027027027027027 0.029411764705882353 0.07567567567567568
3 0.2426470588235294 0.4797297297297297 0.013888888888888888 0.11891891891891893
3 0.184640522875817 0.47297297297297297 0.008169934640522876 0.11891891891891893
3 0.7675653594771242 0.5121621621621621 0.008169934640522876 0.1