0 0.8264895330112721 0.7333333333333333 0.34541062801932365 0.528
0 0.12037037037037036 0.7666666666666667 0.24074074074074073 0.4613333333333333
0 0.2644927536231884 0.6253333333333333 0.15056360708534622 0.336
0 0.6187600644122383 0.58 0.10225442834138486 0.24
0 0.3462157809983897 0.572 0.0853462157809984 0.21066666666666667
0 0.5821256038647343 0.5373333333333333 0.07246376811594203 0.15466666666666667
1 0.5563607085346216 0.4693333333333333 0.0644122383252818 0.21866666666666668
0 0.5144927536231884 0.48933333333333334 0.02254428341384863 0.058666666666666666
0 0.4255233494363929 0.49733333333333335 0.023349436392914653 0.05333333333333334
0 0.500805152979066 0.484 0.026570048309178744 0.058666666666666666
0 0.4786634460547504 0.48533333333333334 0.020128824476650563 0.042666666666666665