0 0.4943639291465378 0.54 0.04589371980676329 0.12266666666666666
0 0.05314009661835749 0.66 0.10628019323671498 0.6746666666666666
0 0.26006441223832527 0.6213333333333333 0.15861513687600645 0.2693333333333333
0 0.322061191626409 0.5653333333333334 0.13446054750402575 0.25333333333333335
0 0.3711755233494364 0.5506666666666666 0.10064412238325282 0.13333333333333333
0 0.38003220611916266 0.5346666666666666 0.08856682769726248 0.12
0 0.40217391304347827 0.52 0.06280193236714976 0.08533333333333333
0 0.41827697262479874 0.5053333333333333 0.05475040257648953 0.07733333333333334
1 0.6090982286634461 0.5226666666666666 0.10547504025764895 0.2906666666666667
0 0.5410628019323671 0.508 0.02576489533011272 0.06666666666666667
0 0.4883252818035427 0.5093333333333333 0.028985507246376812 0.08533333333333333
0 0.08091787439613526 0.6333333333333333 0.16183574879227053 0.2693333333333333
0 0.10789049919484701 0.5506666666666666 0.12640901771336555 0.144
1 0.2612721417069243 0.5066666666666667 0.0861513687600644 0.2
0 0.19363929146537842 0.5213333333333333 0.071658615136876 0.12