0 0.06723027375201288 0.6653333333333333 0.13446054750402575 0.6213333333333333
5 0.34581320450885666 0.6106666666666667 0.04106280193236715 0.25066666666666665
0 0.9126409017713365 0.7453333333333333 0.17310789049919484 0.504
0 0.8482286634460547 0.6893333333333334 0.30193236714975846 0.37333333333333335
0 0.7979066022544283 0.6066666666666667 0.2463768115942029 0.3413333333333333
0 0.25925925925925924 0.5733333333333334 0.16022544283413848 0.168
0 0.2962962962962963 0.5626666666666666 0.1288244766505636 0.14666666666666667
0 0.534219001610306 0.548 0.05152979066022544 0.12533333333333332
0 0.37077294685990336 0.516 0.06602254428341385 0.08533333333333333
0 0.5096618357487923 0.5106666666666667 0.026570048309178744 0.07466666666666667
1 0.4891304347826087 0.472 0.013687600644122383 0.056