0 0.5088638195004029 0.5159574468085106 0.019339242546333603 0.05319148936170213
0 0.20709105560032232 0.6914893617021277 0.20225624496373892 0.39095744680851063
0 0.030217566478646252 0.6675531914893617 0.060435132957292505 0.30851063829787234
1 0.13013698630136986 0.5851063829787234 0.145044319097502 0.2765957446808511
0 0.7320709105560033 0.723404255319149 0.23771152296535053 0.48138297872340424
0 0.3533440773569702 0.5757978723404256 0.07091055600322321 0.14893617021276595
1 0.25987107171635776 0.5412234042553191 0.09508460918614021 0.17819148936170212
0 0.39000805801772764 0.5478723404255319 0.04754230459307011 0.10904255319148937
0 0.48186946011281223 0.5332446808510638 0.033037872683319904 0.10372340425531915
0 0.3279613215149073 0.5372340425531915 0.0499597099113618 0.09574468085106383
0 0.4210314262691378 0.5212765957446809 0.021756647864625302 0.061170212765957445
1 0.35213537469782435 0.5106382978723404 0.0394842868654311 0.09574468085106383
1 0.435535858178888 0.4920212765957447 0.016116035455278 0.07180851063829788