0 0.06843800322061191 0.764 0.13687600644122383 0.4666666666666667
0 0.1247987117552335 0.6933333333333334 0.249597423510467 0.4026666666666667
0 0.1638486312399356 0.636 0.21658615136876005 0.328
0 0.21256038647342995 0.6066666666666667 0.2286634460547504 0.26666666666666666
0 0.23832528180354268 0.5773333333333334 0.14895330112721417 0.21066666666666667
0 0.28743961352657005 0.5746666666666667 0.1392914653784219 0.176
0 0.29871175523349436 0.5506666666666666 0.1392914653784219 0.15733333333333333
0 0.33695652173913043 0.5293333333333333 0.0998389694041868 0.136
0 0.3506441223832528 0.516 0.10144927536231885 0.15466666666666667
5 0.4528985507246377 0.5133333333333333 0.008856682769726247 0.07466666666666667
0 0.6574074074074074 0.6626666666666666 0.13365539452495975 0.30933333333333335
0 0.7310789049919485 0.5733333333333334 0.1706924315619968 0.21866666666666668
0 0.6127214170692431 0.536 0.09339774557165861 0.10133333333333333
0 0.607487922705314 0.5186666666666667 0.07809983896940419 0.11466666666666667
0 0.391304347826087 0.516 0.07085346215780998 0.07733333333333334
0 0.5253623188405797 0.5093333333333333 0.02576489533011272 0.064