0 0.13405797101449277 0.7813333333333333 0.26811594202898553 0.432
0 0.8482286634460547 0.76 0.30193236714975846 0.4746666666666667
0 0.6823671497584541 0.7213333333333334 0.1972624798711755 0.3973333333333333
0 0.2805958132045089 0.7226666666666667 0.18115942028985507 0.3546666666666667
0 0.35104669887278583 0.6373333333333333 0.0821256038647343 0.21066666666666667
0 0.38768115942028986 0.6053333333333333 0.06360708534621579 0.152
0 0.6103059581320451 0.6146666666666667 0.09581320450885668 0.216
0 0.5801127214170693 0.5786666666666667 0.05877616747181964 0.152
0 0.7584541062801933 0.5173333333333333 0.09742351046698873 0.144
0 0.5318035426731079 0.5413333333333333 0.03140096618357488 0.07466666666666667
0 0.4939613526570048 0.5346666666666666 0.0249597423510467 0.050666666666666665
0 0.4690016103059581 0.528 0.030595813204508857 0.04533333333333334
5 0.42995169082125606 0.5293333333333333 0.011272141706924315 0.050666666666666665