1 0.17753623188405798 0.52 0.35507246376811596 0.9546666666666667
3 0.6723027375201288 0.5346666666666666 0.026570048309178744 0.22133333333333333
5 0.37077294685990336 0.5786666666666667 0.033816425120772944 0.22666666666666666
5 0.39855072463768115 0.536 0.020933977455716585 0.16
0 0.5929951690821256 0.5746666666666667 0.07809983896940419 0.20533333333333334
0 0.5607890499194848 0.5373333333333333 0.05877616747181964 0.17333333333333334
0 0.5458937198067633 0.52 0.04589371980676329 0.144
3 0.500402576489533 0.484 0.008856682769726247 0.07733333333333334
3 0.5020128824476651 0.48533333333333334 0.010466988727858293 0.07466666666666667
0 0.44082125603864736 0.48533333333333334 0.018518518518518517 0.064
0 0.4025764895330113 0.516 0.033011272141706925 0.08533333333333333
0 0.32085346215780997 0.5826666666666667 0.0853462157809984 0.184