0 0.49838969404186795 0.5253333333333333 0.04186795491143317 0.112
0 0.10225442834138486 0.7106666666666667 0.19001610305958133 0.408
0 0.2041062801932367 0.6346666666666667 0.17149758454106281 0.30933333333333335
0 0.3059581320450886 0.5586666666666666 0.107085346215781 0.152
0 0.4219001610305958 0.5706666666666667 0.06360708534621579 0.152
0 0.44041867954911434 0.5386666666666666 0.050724637681159424 0.12533333333333332
0 0.3743961352657005 0.5173333333333333 0.08051529790660225 0.10933333333333334
0 0.6731078904991948 0.6693333333333333 0.15619967793880837 0.336
2 0.605475040257649 0.43866666666666665 0.11674718196457327 0.4026666666666667
3 0.6896135265700483 0.5533333333333333 0.021739130434782608 0.24266666666666667
0 0.5426731078904992 0.512 0.033011272141706925 0.088
2 0.5213365539452496 0.4533333333333333 0.0322061191626409 0.136
0 0.4883252818035427 0.5066666666666667 0.02818035426731079 0.08533333333333333
0 0.1574074074074074 0.5413333333333333 0.08293075684380032 0.11733333333333333