0 0.49516908212560384 0.5266666666666666 0.03784219001610306 0.12
0 0.8679549114331723 0.74 0.26247987117552335 0.5146666666666667
0 0.3679549114331723 0.532 0.04186795491143317 0.08266666666666667
0 0.6372785829307569 0.544 0.12318840579710146 0.18133333333333335
0 0.5869565217391305 0.5266666666666666 0.0893719806763285 0.12
1 0.5531400966183575 0.49333333333333335 0.06360708534621579 0.09866666666666667
0 0.34581320450885666 0.5133333333333333 0.037037037037037035 0.07733333333333334
0 0.36513687600644124 0.49866666666666665 0.029790660225442835 0.064
0 0.4074074074074074 0.496 0.020128824476650563 0.04
0 0.322061191626409 0.5026666666666667 0.023349436392914653 0.056
0 0.1461352657004831 0.5106666666666667 0.03140096618357488 0.064