0 0.07367149758454106 0.7066666666666667 0.1473429951690821 0.4666666666666667
0 0.11513687600644122 0.608 0.23027375201288244 0.44
5 0.37922705314009664 0.572 0.02818035426731079 0.18666666666666668
0 0.9307568438003221 0.7506666666666667 0.13687600644122383 0.49333333333333335
0 0.8607085346215781 0.6906666666666667 0.27697262479871176 0.4
0 0.7741545893719807 0.6333333333333333 0.25120772946859904 0.2693333333333333
0 0.7310789049919485 0.5826666666666667 0.18760064412238325 0.264
0 0.29066022544283415 0.56 0.1360708534621578 0.14666666666666667
0 0.3196457326892109 0.548 0.1111111111111111 0.128
0 0.5305958132045089 0.5373333333333333 0.04508856682769726 0.10933333333333334
0 0.5092592592592593 0.508 0.024154589371980676 0.06933333333333333
1 0.49114331723027377 0.47333333333333333 0.013687600644122383 0.05333333333333334