3 0.6425686591276252 0.6724598930481284 0.050080775444264945 0.42780748663101603
3 0.29523424878836835 0.6590909090909091 0.045234248788368334 0.37967914438502676
3 0.22051696284329564 0.6564171122994652 0.035541195476575124 0.3609625668449198
3 0.8210823909531503 0.6363636363636364 0.05250403877221325 0.4090909090909091
3 0.7697899838449112 0.6296791443850267 0.05088852988691438 0.40106951871657753
3 0.5347334410339257 0.5641711229946524 0.027463651050080775 0.20588235294117646
3 0.6401453957996769 0.6577540106951871 0.050080775444264945 0.36363636363636365
3 0.5961227786752827 0.6363636363636364 0.033117932148626815 0.31016042780748665
3 0.5783521809369951 0.6256684491978609 0.024232633279483037 0.27807486631016043
3 0.6441841680129241 0.5909090909090909 0.046849757673667204 0.2700534759358289
3 0.6534733441033925 0.5548128342245989 0.03715670436187399 0.2192513368983957
0 0.46122778675282716 0.5414438502673797 0.04119547657512116 0.10695187165775401