0 0.49557165861513686 0.5266666666666666 0.036231884057971016 0.112
0 0.8615136876006442 0.7373333333333333 0.2753623188405797 0.52
0 0.7447665056360708 0.6346666666666667 0.20531400966183574 0.39466666666666667
0 0.6884057971014492 0.5933333333333334 0.14090177133655393 0.24533333333333332
0 0.6465378421900161 0.56 0.1288244766505636 0.18133333333333335
0 0.4178743961352657 0.5013333333333333 0.021739130434782608 0.048
0 0.3413848631239936 0.552 0.05636070853462158 0.11733333333333333
0 0.5849436392914654 0.52 0.0821256038647343 0.112
0 0.5603864734299517 0.508 0.0644122383252818 0.08266666666666667
1 0.5406602254428341 0.4866666666666667 0.050724637681159424 0.07733333333333334
0 0.37278582930756843 0.5013333333333333 0.02818035426731079 0.06133333333333333
0 0.3864734299516908 0.49466666666666664 0.023349436392914653 0.05333333333333334
0 0.3506441223832528 0.49866666666666665 0.018518518518518517 0.04533333333333334