0 0.21859903381642512 0.7026666666666667 0.19404186795491143 0.38666666666666666
0 0.8361513687600645 0.45066666666666666 0.1819645732689211 0.21066666666666667
0 0.9251207729468599 0.436 0.09098228663446055 0.13333333333333333
0 0.37359098228663445 0.568 0.0644122383252818 0.13866666666666666
0 0.32648953301127215 0.5946666666666667 0.10547504025764895 0.21066666666666667
0 0.5857487922705314 0.5106666666666667 0.0499194847020934 0.112
0 0.40136876006441224 0.5426666666666666 0.04589371980676329 0.112
0 0.4219001610305958 0.5333333333333333 0.03140096618357488 0.08266666666666667
0 0.5189210950080515 0.5146666666666667 0.030595813204508857 0.08266666666666667
0 0.5958132045088567 0.508 0.08132045088566828 0.09333333333333334
0 0.5531400966183575 0.49866666666666665 0.03784219001610306 0.06666666666666667
0 0.5237520128824477 0.47333333333333333 0.03462157809983897 0.042666666666666665
0 0.42069243156199676 0.47733333333333333 0.036231884057971016 0.037333333333333336