1 0.09057971014492754 0.5226666666666666 0.18115942028985507 0.9493333333333334
3 0.7125603864734299 0.5386666666666666 0.03542673107890499 0.272
5 0.3083735909822866 0.644 0.06038647342995169 0.3466666666666667
5 0.3691626409017713 0.5573333333333333 0.029790660225442835 0.21066666666666667
0 0.6179549114331723 0.592 0.10466988727858294 0.264
0 0.572866344605475 0.5426666666666666 0.06924315619967794 0.20533333333333334
0 0.5527375201288245 0.52 0.05314009661835749 0.16266666666666665
3 0.5024154589371981 0.4786666666666667 0.008856682769726247 0.08266666666666667
3 0.5076489533011272 0.48133333333333334 0.008051529790660225 0.08
0 0.43719806763285024 0.4826666666666667 0.020128824476650563 0.06666666666666667
0 0.391304347826087 0.5173333333333333 0.03784219001610306 0.09333333333333334
0 0.15096618357487923 0.7253333333333334 0.249597423510467 0.4053333333333333
0 0.2805958132045089 0.612 0.11272141706924316 0.232