0 0.4581320450885668 0.5413333333333333 0.03784219001610306 0.10133333333333333
0 0.19806763285024154 0.768 0.35104669887278583 0.45866666666666667
0 0.16988727858293076 0.6453333333333333 0.18679549114331723 0.30933333333333335
0 0.3071658615136876 0.5666666666666667 0.10789049919484701 0.13333333333333333
0 0.3389694041867955 0.548 0.08051529790660225 0.12533333333333332
0 0.37278582930756843 0.536 0.07004830917874397 0.09066666666666667
0 0.39049919484702095 0.5306666666666666 0.05233494363929147 0.08
1 0.4001610305958132 0.5066666666666667 0.05475040257648953 0.088
2 0.8039452495974235 0.49866666666666665 0.2576489533011272 0.9973333333333333
0 0.5785024154589372 0.5986666666666667 0.0821256038647343 0.208
0 0.5567632850241546 0.572 0.05152979066022544 0.144
0 0.5370370370370371 0.552 0.04750402576489533 0.12
2 0.5201288244766505 0.4693333333333333 0.05152979066022544 0.216
0 0.06521739130434782 0.5773333333333334 0.1288244766505636 0.14933333333333335
0 0.46497584541062803 0.5253333333333333 0.027375201288244767 0.08266666666666667