3 0.5856219709208401 0.6203208556149733 0.05250403877221325 0.41711229946524064
3 0.6425686591276252 0.5975935828877005 0.05250403877221325 0.4197860962566845
3 0.18578352180936994 0.5989304812834224 0.03877221324717286 0.31016042780748665
3 0.5020193861066236 0.5320855614973262 0.0210016155088853 0.20053475935828877
3 0.6037964458804523 0.5588235294117647 0.033117932148626815 0.2994652406417112
3 0.9333602584814217 0.6350267379679144 0.0864297253634895 0.5802139037433155
3 0.9551696284329564 0.5815508021390374 0.05492730210016155 0.4572192513368984
3 0.24596122778675283 0.6203208556149733 0.051696284329563816 0.3502673796791444
3 0.19507269789983844 0.6270053475935828 0.034733441033925685 0.3689839572192513
3 0.8412762520193862 0.5588235294117647 0.04361873990306947 0.3983957219251337
0 0.43578352180936997 0.4946524064171123 0.04281098546042003 0.14171122994652408
0 0.34450726978998386 0.5066844919786097 0.08077544426494346 0.21657754010695188
1 0.3764135702746365 0.49732620320855614 0.050080775444264945 0.16042780748663102