0 0.4943639291465378 0.5493333333333333 0.0426731078904992 0.11733333333333333
0 0.10587761674718196 0.744 0.21175523349436393 0.5066666666666667
0 0.286634460547504 0.6106666666666667 0.13848631239935588 0.22933333333333333
1 0.34057971014492755 0.5146666666666667 0.1473429951690821 0.30133333333333334
0 0.37359098228663445 0.5613333333333334 0.09822866344605476 0.12533333333333332
0 0.4367954911433172 0.49733333333333335 0.04589371980676329 0.07466666666666667
3 0.894524959742351 0.7106666666666667 0.08856682769726248 0.5733333333333334
1 0.5318035426731079 0.492 0.030595813204508857 0.096
0 0.49033816425120774 0.5146666666666667 0.027375201288244767 0.08266666666666667
1 0.39331723027375204 0.5266666666666666 0.09581320450885668 0.14133333333333334
0 0.05314009661835749 0.5613333333333334 0.10628019323671498 0.144
0 0.11312399355877617 0.6186666666666667 0.19082125603864733 0.2613333333333333
0 0.2286634460547504 0.548 0.09500805152979067 0.168
3 0.09782608695652174 0.5186666666666667 0.018518518518518517 0.16
3 0.18518518518518517 0.5106666666666667 0.01610305958132045 0.09866666666666667
2 0.2826086956521739 0.45866666666666667 0.07246376811594203 0.15466666666666667