0 0.4863123993558776 0.5066666666666667 0.020128824476650563 0.064
0 0.3305152979066023 0.6586666666666666 0.1320450885668277 0.304
0 0.8260869565217391 0.736 0.3462157809983897 0.5226666666666666
0 0.677133655394525 0.676 0.15619967793880837 0.43733333333333335
0 0.5764895330112721 0.5693333333333334 0.071658615136876 0.176
0 0.533011272141707 0.5213333333333333 0.03140096618357488 0.09066666666666667
0 0.5567632850241546 0.5426666666666666 0.050724637681159424 0.14133333333333334
0 0.30434782608695654 0.5426666666666666 0.06682769726247988 0.08
0 0.21859903381642512 0.5453333333333333 0.0748792270531401 0.08533333333333333
0 0.5181159420289855 0.504 0.020933977455716585 0.058666666666666666
3 0.7125603864734299 0.5746666666666667 0.03542673107890499 0.3333333333333333