0 0.11594202898550725 0.74 0.2318840579710145 0.5146666666666667
0 0.7194041867954911 0.6826666666666666 0.21497584541062803 0.448
0 0.26247987117552335 0.6693333333333333 0.15780998389694043 0.34933333333333333
0 0.6219806763285024 0.592 0.11030595813204509 0.22933333333333333
1 0.572061191626409 0.48133333333333334 0.0853462157809984 0.2826666666666667
0 0.5491143317230274 0.516 0.040257648953301126 0.12533333333333332
0 0.5418679549114331 0.5213333333333333 0.03784219001610306 0.10133333333333333
0 0.5185185185185185 0.512 0.02576489533011272 0.06666666666666667
0 0.41626409017713367 0.524 0.02576489533011272 0.058666666666666666
0 0.501207729468599 0.5053333333333333 0.029790660225442835 0.06666666666666667
0 0.47705314009661837 0.5066666666666667 0.02254428341384863 0.048