0 0.8812399355877617 0.6666666666666666 0.2359098228663446 0.6613333333333333
1 0.44041867954911434 0.5173333333333333 0.04669887278582931 0.168
1 0.7785829307568438 0.468 0.21256038647342995 0.2693333333333333
0 0.2725442834138486 0.5573333333333333 0.07246376811594203 0.13333333333333333
0 0.19444444444444445 0.5346666666666666 0.0893719806763285 0.17866666666666667
0 0.37359098228663445 0.504 0.036231884057971016 0.09333333333333334
0 0.5857487922705314 0.5186666666666667 0.06521739130434782 0.12
0 0.46859903381642515 0.4786666666666667 0.02818035426731079 0.08
1 0.49879227053140096 0.4493333333333333 0.029790660225442835 0.104
0 0.6308373590982287 0.5066666666666667 0.06843800322061191 0.128
1 0.9516908212560387 0.43466666666666665 0.09500805152979067 0.192
2 0.463365539452496 0.436 0.029790660225442835 0.14666666666666667
0 0.05676328502415459 0.5733333333333334 0.11352657004830918 0.14133333333333334