1 0.4822866344605475 0.552 0.07246376811594203 0.2613333333333333
1 0.9392109500805152 0.4786666666666667 0.11996779388083736 0.5066666666666667
0 0.23752012882447665 0.6026666666666667 0.12640901771336555 0.20266666666666666
0 0.13486312399355876 0.576 0.15780998389694043 0.264
0 0.40177133655394526 0.524 0.05475040257648953 0.128
0 0.7053140096618358 0.556 0.1143317230273752 0.18933333333333333
0 0.5309983896940419 0.488 0.033011272141706925 0.10133333333333333
1 0.5688405797101449 0.4533333333333333 0.03784219001610306 0.12533333333333332
0 0.7773752012882448 0.5373333333333333 0.1247987117552335 0.2
0 0.8719806763285024 0.5426666666666666 0.15619967793880837 0.17333333333333334
2 0.5249597423510467 0.43733333333333335 0.037037037037037035 0.17866666666666667
0 0.0285829307568438 0.6 0.0571658615136876 0.17066666666666666