0 0.0893719806763285 0.78 0.178743961352657 0.43466666666666665
0 0.32971014492753625 0.664 0.1215780998389694 0.2853333333333333
0 0.19363929146537842 0.6933333333333334 0.1706924315619968 0.312
5 0.7020933977455717 0.664 0.12238325281803543 0.336
0 0.9899355877616747 0.5786666666666667 0.018518518518518517 0.30133333333333334
5 0.7773752012882448 0.7013333333333334 0.14251207729468598 0.416
3 0.06843800322061191 0.6493333333333333 0.029790660225442835 0.31733333333333336
0 0.41545893719806765 0.568 0.04508856682769726 0.128
0 0.44122383252818037 0.532 0.024154589371980676 0.07466666666666667
1 0.4500805152979066 0.5066666666666667 0.020128824476650563 0.08
0 0.5527375201288245 0.5426666666666666 0.07971014492753623 0.104
0 0.5225442834138486 0.5186666666666667 0.05394524959742351 0.07466666666666667
1 0.3860708534621578 0.5746666666666667 0.07568438003220612 0.22133333333333333