0 0.5 0.5506666666666666 0.05555555555555555 0.14933333333333335
0 0.026570048309178744 0.5666666666666667 0.05314009661835749 0.248
1 0.6956521739130435 0.588 0.1747181964573269 0.47733333333333333
3 0.1139291465378422 0.6693333333333333 0.08454106280193237 0.656
1 0.13848631239935588 0.5186666666666667 0.12560386473429952 0.2
0 0.2822061191626409 0.5746666666666667 0.1497584541062802 0.272
0 0.32045088566827695 0.5626666666666666 0.12962962962962962 0.18666666666666668
0 0.3530595813204509 0.5506666666666666 0.11835748792270531 0.15466666666666667
0 0.3997584541062802 0.5186666666666667 0.07326892109500806 0.11466666666666667
0 0.4311594202898551 0.4866666666666667 0.05314009661835749 0.06933333333333333
0 0.5958132045088567 0.5466666666666666 0.06360708534621579 0.13333333333333333
0 0.572463768115942 0.52 0.04750402576489533 0.12
3 0.5466988727858293 0.508 0.014492753623188406 0.104
0 0.4923510466988728 0.5093333333333333 0.0322061191626409 0.09866666666666667
0 0.22544283413848631 0.492 0.071658615136876 0.096