0 0.5362318840579711 0.6893333333333334 0.1457326892109501 0.456
0 0.9259259259259259 0.7213333333333334 0.14653784219001612 0.552
0 0.6227858293075684 0.5213333333333333 0.09581320450885668 0.14666666666666667
0 0.5809178743961353 0.5053333333333333 0.057971014492753624 0.09333333333333334
0 0.5636070853462157 0.49733333333333335 0.05314009661835749 0.06933333333333333
0 0.4677938808373591 0.4866666666666667 0.01932367149758454 0.042666666666666665
0 0.12842190016103058 0.6066666666666667 0.14170692431561996 0.184
0 0.3172302737520129 0.5266666666666666 0.05636070853462158 0.09066666666666667
0 0.3462157809983897 0.5066666666666667 0.039452495974235106 0.09333333333333334
0 0.38687600644122383 0.49866666666666665 0.03462157809983897 0.064
0 0.42995169082125606 0.49066666666666664 0.03140096618357488 0.04533333333333334
0 0.22584541062801933 0.52 0.061191626409017714 0.09333333333333334
0 0.21658615136876005 0.5106666666666667 0.0644122383252818 0.06933333333333333