0 0.4895330112721417 0.524 0.04106280193236715 0.10933333333333334
0 0.07608695652173914 0.732 0.15217391304347827 0.5306666666666666
0 0.2459742351046699 0.5946666666666667 0.13285024154589373 0.20533333333333334
0 0.39331723027375204 0.6066666666666667 0.08856682769726248 0.208
0 0.42310789049919484 0.5626666666666666 0.0644122383252818 0.15733333333333333
0 0.34863123993558776 0.524 0.09420289855072464 0.13066666666666665
0 0.8244766505636071 0.7626666666666667 0.3494363929146538 0.4693333333333333
2 0.6372785829307569 0.44133333333333336 0.16586151368760063 0.5493333333333333
3 0.7520128824476651 0.6053333333333333 0.039452495974235106 0.352
0 0.5430756843800322 0.5173333333333333 0.039452495974235106 0.10133333333333333
2 0.5197262479871175 0.4493333333333333 0.03462157809983897 0.14933333333333335
0 0.24355877616747182 0.5146666666666667 0.05636070853462158 0.08266666666666667
0 0.4774557165861514 0.5093333333333333 0.027375201288244767 0.08266666666666667
0 0.07246376811594203 0.5453333333333333 0.11674718196457327 0.14666666666666667