0 0.534219001610306 0.6986666666666667 0.14170692431561996 0.44266666666666665
0 0.9710144927536232 0.7373333333333333 0.05636070853462158 0.52
0 0.6292270531400966 0.532 0.09903381642512077 0.152
0 0.5845410628019324 0.5133333333333333 0.05958132045088567 0.096
0 0.5648148148148148 0.504 0.05394524959742351 0.072
0 0.38405797101449274 0.5293333333333333 0.04186795491143317 0.088
0 0.10789049919484701 0.62 0.15458937198067632 0.2
0 0.4581320450885668 0.49466666666666664 0.02254428341384863 0.050666666666666665
0 0.4915458937198068 0.48533333333333334 0.017713365539452495 0.042666666666666665
0 0.3132045088566828 0.5346666666666666 0.05877616747181964 0.096
0 0.34339774557165864 0.516 0.040257648953301126 0.096
0 0.3860708534621578 0.5066666666666667 0.03542673107890499 0.064
0 0.4303542673107891 0.49866666666666665 0.0322061191626409 0.04533333333333334
0 0.21980676328502416 0.532 0.06280193236714976 0.09866666666666667
0 0.21014492753623187 0.5173333333333333 0.06682769726247988 0.072