0 0.4859098228663446 0.548 0.04669887278582931 0.12533333333333332
0 0.09017713365539452 0.7293333333333333 0.18035426731078905 0.536
0 0.3027375201288245 0.5746666666666667 0.1247987117552335 0.17333333333333334
0 0.3393719806763285 0.564 0.10064412238325282 0.13866666666666666
0 0.43438003220611915 0.5413333333333333 0.04589371980676329 0.10133333333333333
1 0.6183574879227053 0.528 0.13365539452495975 0.392
0 0.5652173913043478 0.5506666666666666 0.06038647342995169 0.13866666666666666
0 0.5173107890499195 0.5066666666666667 0.020933977455716585 0.05333333333333334
0 0.17753623188405798 0.5866666666666667 0.11030595813204509 0.168
1 0.24516908212560387 0.5253333333333333 0.10144927536231885 0.20266666666666666
0 0.48993558776167473 0.5226666666666666 0.03140096618357488 0.096
0 0.13727858293075684 0.5426666666666666 0.07809983896940419 0.112
5 0.06763285024154589 0.548 0.04106280193236715 0.12