0 0.5301932367149759 0.6666666666666666 0.12318840579710146 0.384
0 0.9782608695652174 0.74 0.04186795491143317 0.5146666666666667
0 0.6304347826086957 0.5346666666666666 0.0998389694041868 0.15466666666666667
0 0.5853462157809984 0.516 0.05958132045088567 0.096
0 0.5656199677938808 0.5066666666666667 0.05394524959742351 0.072
0 0.35950080515297905 0.5453333333333333 0.05152979066022544 0.10666666666666667
0 0.10547504025764895 0.624 0.15619967793880837 0.20266666666666666
0 0.4496779388083736 0.49866666666666665 0.023349436392914653 0.05333333333333334
0 0.48429951690821255 0.4866666666666667 0.01932367149758454 0.04533333333333334
0 0.31280193236714976 0.5373333333333333 0.05958132045088567 0.096
0 0.3425925925925926 0.5186666666666667 0.04106280193236715 0.096
0 0.3856682769726248 0.5093333333333333 0.03542673107890499 0.064
0 0.4303542673107891 0.5013333333333333 0.0322061191626409 0.04533333333333334
0 0.21900161030595813 0.5333333333333333 0.06280193236714976 0.09866666666666667
0 0.20933977455716588 0.5186666666666667 0.06682769726247988 0.072