0 0.6545893719806763 0.664 0.1473429951690821 0.30666666666666664
0 0.08293075684380032 0.7613333333333333 0.16586151368760063 0.4666666666666667
0 0.1179549114331723 0.6706666666666666 0.2359098228663446 0.344
0 0.1469404186795491 0.6466666666666666 0.23832528180354268 0.2693333333333333
0 0.21739130434782608 0.6106666666666667 0.18357487922705315 0.224
0 0.27697262479871176 0.5693333333333334 0.13365539452495975 0.17866666666666667
0 0.5628019323671497 0.5653333333333334 0.06763285024154589 0.14933333333333335
0 0.34581320450885666 0.552 0.10950080515297907 0.12266666666666666
0 0.5414653784219001 0.5293333333333333 0.039452495974235106 0.09066666666666667
0 0.3474235104669887 0.54 0.0853462157809984 0.11466666666666667
0 0.355877616747182 0.5213333333333333 0.07085346215780998 0.11733333333333333
0 0.5209339774557166 0.5 0.024154589371980676 0.06933333333333333