0 0.4923510466988728 0.5453333333333333 0.04508856682769726 0.12266666666666666
0 0.17753623188405798 0.6906666666666667 0.20933977455716588 0.3893333333333333
0 0.2753623188405797 0.6026666666666667 0.16747181964573268 0.336
0 0.3494363929146538 0.576 0.11513687600644122 0.16
0 0.3611111111111111 0.5573333333333333 0.10064412238325282 0.14133333333333334
0 0.391304347826087 0.5373333333333333 0.06924315619967794 0.096
0 0.4114331723027375 0.528 0.05958132045088567 0.08533333333333333
1 0.6368760064412239 0.5546666666666666 0.13848631239935588 0.368
0 0.5917874396135265 0.568 0.06602254428341385 0.14666666666666667
0 0.5442834138486312 0.5293333333333333 0.028985507246376812 0.07466666666666667
1 0.5253623188405797 0.48133333333333334 0.023349436392914653 0.08266666666666667
0 0.48993558776167473 0.5213333333333333 0.029790660225442835 0.08533333333333333
0 0.026972624798711754 0.6653333333333333 0.05394524959742351 0.2986666666666667
0 0.05837359098228664 0.5786666666666667 0.11674718196457327 0.176
1 0.2222222222222222 0.5173333333333333 0.11030595813204509 0.23733333333333334
0 0.1501610305958132 0.54 0.08776167471819646 0.13866666666666666