0 0.0680354267310789 0.7106666666666667 0.1360708534621578 0.43466666666666665
0 0.12761674718196458 0.672 0.25523349436392917 0.328
0 0.1710950080515298 0.6133333333333333 0.23993558776167473 0.2613333333333333
0 0.2580515297906602 0.5853333333333334 0.1537842190016103 0.2
0 0.28421900161030594 0.56 0.1473429951690821 0.21866666666666668
5 0.43196457326892107 0.548 0.01288244766505636 0.104
0 0.8764090177133655 0.804 0.24557165861513688 0.38666666666666666
0 0.8880837359098228 0.6973333333333334 0.2222222222222222 0.45066666666666666
0 0.8425925925925926 0.6626666666666666 0.24798711755233493 0.32
0 0.7560386473429952 0.6293333333333333 0.17713365539452497 0.23733333333333334
0 0.716988727858293 0.596 0.12721417069243157 0.2
0 0.6819645732689211 0.5906666666666667 0.14412238325281804 0.18133333333333335
0 0.6513687600644122 0.576 0.12962962962962962 0.14133333333333334
0 0.6380837359098228 0.5546666666666666 0.10547504025764895 0.152
0 0.3603059581320451 0.552 0.09017713365539452 0.09866666666666667
0 0.3776167471819646 0.548 0.07648953301127215 0.09066666666666667
0 0.5265700483091788 0.5413333333333333 0.0322061191626409 0.08266666666666667
0 0.5120772946859904 0.52 0.01932367149758454 0.056
1 0.4971819645732689 0.49066666666666664 0.012077294685990338 0.048