0 0.928743961352657 0.5653333333333334 0.14090177133655393 0.296
0 0.8462157809983897 0.536 0.1457326892109501 0.22666666666666666
0 0.96658615136876 0.76 0.06521739130434782 0.4746666666666667
0 0.7975040257648953 0.74 0.3115942028985507 0.5146666666666667
0 0.14009661835748793 0.7453333333333333 0.28019323671497587 0.504
1 0.2822061191626409 0.5986666666666667 0.18760064412238325 0.44533333333333336
0 0.785024154589372 0.5186666666666667 0.11835748792270531 0.17866666666666667
0 0.7077294685990339 0.49466666666666664 0.1247987117552335 0.17333333333333334
1 0.7020933977455717 0.4786666666666667 0.1497584541062802 0.168
0 0.3611111111111111 0.5693333333333334 0.09500805152979067 0.22933333333333333
0 0.39492753623188404 0.5413333333333333 0.06360708534621579 0.15733333333333333
2 0.5144927536231884 0.44 0.0748792270531401 0.22666666666666666