0 0.5132850241545893 0.5893333333333334 0.08132045088566828 0.256
1 0.927938808373591 0.604 0.14251207729468598 0.7866666666666666
0 0.7028985507246377 0.5933333333333334 0.1706924315619968 0.2906666666666667
0 0.5901771336553945 0.5 0.07407407407407407 0.10666666666666667
0 0.5628019323671497 0.49333333333333335 0.04830917874396135 0.07466666666666667
0 0.5507246376811594 0.48533333333333334 0.04508856682769726 0.058666666666666666
0 0.02576489533011272 0.616 0.05152979066022544 0.2773333333333333
0 0.12359098228663445 0.5786666666666667 0.14492753623188406 0.208
0 0.23671497584541062 0.5533333333333333 0.08293075684380032 0.12
0 0.3470209339774557 0.5066666666666667 0.043478260869565216 0.07466666666666667
0 0.3671497584541063 0.49333333333333335 0.03140096618357488 0.08
0 0.39895330112721417 0.488 0.028985507246376812 0.056
0 0.43438003220611915 0.48133333333333334 0.027375201288244767 0.04
0 0.2741545893719807 0.504 0.04669887278582931 0.07733333333333334
0 0.043478260869565216 0.5653333333333334 0.08695652173913043 0.16533333333333333