0 0.49879227053140096 0.5293333333333333 0.04830917874396135 0.13066666666666665
0 0.09339774557165861 0.7546666666666667 0.18679549114331723 0.48533333333333334
0 0.19202898550724637 0.6613333333333333 0.1892109500805153 0.31466666666666665
0 0.29871175523349436 0.556 0.10144927536231885 0.176
0 0.40096618357487923 0.584 0.08776167471819646 0.17866666666666667
0 0.36996779388083734 0.5186666666666667 0.06843800322061191 0.10133333333333333
1 0.8325281803542673 0.49866666666666665 0.3333333333333333 0.9973333333333333
3 0.6940418679549114 0.6453333333333333 0.033011272141706925 0.3546666666666667
0 0.6525764895330113 0.6213333333333333 0.14090177133655393 0.2986666666666667
0 0.6006441223832528 0.5733333333333334 0.08856682769726248 0.18133333333333335
0 0.571658615136876 0.5226666666666666 0.05475040257648953 0.14666666666666667
0 0.5318035426731079 0.5013333333333333 0.027375201288244767 0.06933333333333333
2 0.5301932367149759 0.45066666666666666 0.036231884057971016 0.14133333333333334
1 0.07930756843800323 0.5746666666666667 0.15861513687600645 0.42133333333333334
0 0.49315619967793883 0.504 0.030595813204508857 0.09333333333333334
0 0.20571658615136876 0.5173333333333333 0.0644122383252818 0.09333333333333334