0 0.49597423510466987 0.524 0.03542673107890499 0.112
0 0.8731884057971014 0.7093333333333334 0.25201288244766507 0.576
0 0.7471819645732689 0.6533333333333333 0.20933977455716588 0.37866666666666665
0 0.6823671497584541 0.5826666666666667 0.15942028985507245 0.2826666666666667
0 0.6509661835748792 0.5653333333333334 0.11594202898550725 0.192
0 0.6231884057971014 0.5413333333333333 0.11030595813204509 0.14933333333333335
0 0.42632850241545894 0.49866666666666665 0.01932367149758454 0.042666666666666665
0 0.37359098228663445 0.5346666666666666 0.04106280193236715 0.09066666666666667
0 0.5768921095008052 0.5106666666666667 0.0748792270531401 0.09866666666666667
0 0.5555555555555556 0.5013333333333333 0.05958132045088567 0.07466666666666667
1 0.538647342995169 0.48533333333333334 0.04750402576489533 0.072
0 0.3804347826086957 0.49866666666666665 0.026570048309178744 0.058666666666666666
0 0.35829307568438 0.49466666666666664 0.016908212560386472 0.042666666666666665