0 0.5024154589371981 0.544 0.05636070853462158 0.176
0 0.964170692431562 0.74 0.07004830917874397 0.5146666666666667
0 0.8341384863123994 0.652 0.21336553945249598 0.488
1 0.6622383252818036 0.5253333333333333 0.15136876006441224 0.2826666666666667
0 0.6030595813204509 0.5186666666666667 0.09581320450885668 0.14133333333333334
0 0.5619967793880838 0.48533333333333334 0.05636070853462158 0.07733333333333334
0 0.5475040257648953 0.48133333333333334 0.039452495974235106 0.058666666666666666
0 0.18719806763285024 0.5453333333333333 0.1143317230273752 0.17333333333333334
1 0.33373590982286633 0.47733333333333333 0.08856682769726248 0.23466666666666666
0 0.26006441223832527 0.532 0.071658615136876 0.12533333333333332
0 0.30958132045088566 0.5253333333333333 0.0499194847020934 0.08
0 0.37318840579710144 0.49333333333333335 0.033011272141706925 0.058666666666666666
0 0.38727858293075684 0.4826666666666667 0.024154589371980676 0.064
0 0.4102254428341385 0.48 0.024154589371980676 0.04533333333333334
0 0.19202898550724637 0.5306666666666666 0.057971014492753624 0.104