0 0.4943639291465378 0.5253333333333333 0.037037037037037035 0.11733333333333333
0 0.9758454106280193 0.7 0.04669887278582931 0.5946666666666667
0 0.8494363929146538 0.7186666666666667 0.23268921095008052 0.512
0 0.7355072463768116 0.6253333333333333 0.18840579710144928 0.304
0 0.392914653784219 0.5133333333333333 0.03140096618357488 0.064
0 0.1706924315619968 0.656 0.1642512077294686 0.2773333333333333
0 0.6103059581320451 0.528 0.10305958132045089 0.144
0 0.573268921095008 0.5133333333333333 0.07648953301127215 0.10133333333333333
1 0.5458937198067633 0.48933333333333334 0.057971014492753624 0.088
0 0.357085346215781 0.49866666666666665 0.033011272141706925 0.06933333333333333
0 0.3723832528180354 0.496 0.026570048309178744 0.058666666666666666
0 0.4102254428341385 0.488 0.018518518518518517 0.037333333333333336
0 0.33373590982286633 0.496 0.020933977455716585 0.050666666666666665