0 0.48429951690821255 0.532 0.04589371980676329 0.12266666666666666
0 0.12439613526570048 0.7333333333333333 0.24879227053140096 0.496
0 0.2975040257648953 0.58 0.12721417069243157 0.19733333333333333
0 0.35990338164251207 0.5373333333333333 0.09903381642512077 0.14666666666666667
0 0.4142512077294686 0.5026666666666667 0.0644122383252818 0.088
0 0.8337359098228664 0.7506666666666667 0.3309178743961353 0.49333333333333335
0 0.5756843800322061 0.5266666666666666 0.05314009661835749 0.12
1 0.534621578099839 0.476 0.033011272141706925 0.10933333333333334
0 0.24194847020933977 0.536 0.0821256038647343 0.13066666666666665
0 0.4923510466988728 0.508 0.030595813204508857 0.09333333333333334
0 0.015297906602254429 0.5586666666666666 0.030595813204508857 0.14933333333333335
0 0.16183574879227053 0.5213333333333333 0.08454106280193237 0.104