3 0.5592320261437909 0.47162162162162163 0.018790849673202614 0.15405405405405406
3 0.2267156862745098 0.5310810810810811 0.029411764705882353 0.327027027027027
3 0.6809640522875817 0.6959459459459459 0.0784313725490196 0.6027027027027027
3 0.758578431372549 0.6797297297297298 0.07516339869281045 0.6351351351351351
3 0.5833333333333334 0.5783783783783784 0.04656862745098039 0.3864864864864865
3 0.5490196078431373 0.5689189189189189 0.05228758169934641 0.372972972972973
3 0.6507352941176471 0.5635135135135135 0.03676470588235294 0.37027027027027026
3 0.6977124183006536 0.5689189189189189 0.06781045751633986 0.35135135135135137
3 0.8590686274509803 0.5756756756756757 0.029411764705882353 0.20810810810810812
3 0.4166666666666667 0.5689189189189189 0.03594771241830065 0.3675675675675676
3 0.4305555555555556 0.5689189189189189 0.024509803921568627 0.3108108108108108
3 0.46282679738562094 0.5459459459459459 0.031862745098039214 0.34324324324324323
3 0.5008169934640523 0.5689189189189189 0.026143790849673203 0.2810810810810811
3 0.5032679738562091 0.5324324324324324 0.03104575163398693 0.3
3 0.39052287581699346 0.5013513513513513 0.025326797385620915 0.22972972972972974
3 0.4550653594771242 0.5013513513513513 0.029411764705882353 0.21081081081081082
3 0.4848856209150327 0.49864864864864866 0.02042483660130719 0.22702702702702704
3 0.5220588235294118 0.4905405405405405 0.022058823529411766 0.21621621621621623
1 0.1090686274509804 0.49864864864864866 0.2181372549019608 0.9972972972972973