0 0.49798711755233493 0.524 0.0426731078904992 0.11466666666666667
0 0.15780998389694043 0.6706666666666666 0.16666666666666666 0.336
0 0.23671497584541062 0.6013333333333334 0.1537842190016103 0.26666666666666666
0 0.3192431561996779 0.5506666666666666 0.10064412238325282 0.14133333333333334
0 0.42632850241545894 0.5613333333333334 0.057971014492753624 0.13866666666666666
0 0.4440418679549114 0.5306666666666666 0.04669887278582931 0.11733333333333333
0 0.3804347826086957 0.5026666666666667 0.07729468599033816 0.104
0 0.6469404186795491 0.6293333333333333 0.12640901771336555 0.28
2 0.5978260869565217 0.43866666666666665 0.10628019323671498 0.368
3 0.6731078904991948 0.5413333333333333 0.023349436392914653 0.21866666666666668
0 0.5398550724637681 0.5013333333333333 0.03140096618357488 0.08533333333333333
2 0.5209339774557166 0.44533333333333336 0.03140096618357488 0.13333333333333333
0 0.48993558776167473 0.5066666666666667 0.02818035426731079 0.08533333333333333
0 0.178743961352657 0.5253333333333333 0.0748792270531401 0.10933333333333334