0 0.4714170692431562 0.5253333333333333 0.03864734299516908 0.104
0 0.0893719806763285 0.6973333333333334 0.178743961352657 0.37866666666666665
0 0.30636070853462155 0.7306666666666667 0.18438003220611915 0.4053333333333333
0 0.3812399355877617 0.6106666666666667 0.10064412238325282 0.24266666666666667
0 0.29508856682769724 0.5586666666666666 0.12077294685990338 0.176
0 0.3526570048309179 0.516 0.08132045088566828 0.096
1 0.4142512077294686 0.4866666666666667 0.04750402576489533 0.07466666666666667
2 0.7443639291465378 0.47733333333333333 0.3470209339774557 0.9546666666666667
3 0.9810789049919485 0.7093333333333334 0.036231884057971016 0.576
0 0.5479066022544283 0.544 0.0499194847020934 0.13066666666666665
0 0.5261674718196457 0.5213333333333333 0.03462157809983897 0.088
2 0.5136876006441223 0.452 0.0426731078904992 0.17333333333333334
0 0.17954911433172302 0.5266666666666666 0.07568438003220612 0.104
0 0.46537842190016104 0.5066666666666667 0.026570048309178744 0.08