3 0.821256038647343 0.58 0.05555555555555555 0.4
0 0.8683574879227053 0.7506666666666667 0.2616747181964573 0.49333333333333335
0 0.7222222222222222 0.6573333333333333 0.1706924315619968 0.3253333333333333
0 0.3071658615136876 0.6426666666666667 0.1473429951690821 0.30933333333333335
0 0.3784219001610306 0.592 0.07971014492753623 0.192
0 0.6320450885668277 0.58 0.08776167471819646 0.192
0 0.4174718196457327 0.548 0.05394524959742351 0.14933333333333335
0 0.46537842190016104 0.5306666666666666 0.04750402576489533 0.10666666666666667
0 0.5986312399355878 0.5426666666666666 0.043478260869565216 0.13333333333333333
0 0.5466988727858293 0.5146666666666667 0.04428341384863124 0.07466666666666667
2 0.6549919484702094 0.44133333333333336 0.03864734299516908 0.09866666666666667