0 0.5322061191626409 0.6706666666666666 0.13446054750402575 0.4186666666666667
0 0.9021739130434783 0.724 0.19404186795491143 0.5466666666666666
0 0.6191626409017713 0.5186666666666667 0.09420289855072464 0.14133333333333334
0 0.5797101449275363 0.504 0.05636070853462158 0.09066666666666667
0 0.5619967793880838 0.496 0.05233494363929147 0.06933333333333333
0 0.01932367149758454 0.6346666666666667 0.03864734299516908 0.272
0 0.4782608695652174 0.48133333333333334 0.018518518518518517 0.04
0 0.1392914653784219 0.6026666666666667 0.13526570048309178 0.17866666666666667
0 0.32045088566827695 0.5253333333333333 0.05475040257648953 0.09066666666666667
0 0.34822866344605474 0.5066666666666667 0.03864734299516908 0.09333333333333334
0 0.3884863123993559 0.49733333333333335 0.033816425120772944 0.06133333333333333
0 0.4303542673107891 0.49066666666666664 0.03140096618357488 0.04533333333333334
0 0.23067632850241546 0.52 0.05958132045088567 0.09333333333333334
0 0.22061191626409019 0.5093333333333333 0.06280193236714976 0.06933333333333333