3 0.7423510466988728 0.5373333333333333 0.03784219001610306 0.30666666666666664
5 0.2556360708534622 0.7026666666666667 0.0853462157809984 0.45066666666666666
5 0.3502415458937198 0.576 0.036231884057971016 0.24533333333333332
0 0.6380837359098228 0.6093333333333333 0.12399355877616747 0.304
0 0.5821256038647343 0.548 0.07809983896940419 0.22666666666666666
0 0.5591787439613527 0.5226666666666666 0.057971014492753624 0.176
0 0.5458937198067633 0.5133333333333333 0.040257648953301126 0.12266666666666666
3 0.5080515297906603 0.47733333333333333 0.007246376811594203 0.088
3 0.5128824476650563 0.4786666666666667 0.008051529790660225 0.08533333333333333
0 0.43719806763285024 0.48133333333333334 0.020933977455716585 0.06933333333333333
3 0.47383252818035426 0.47733333333333333 0.005636070853462158 0.058666666666666666
0 0.38808373590982287 0.5186666666666667 0.039452495974235106 0.09866666666666667
0 0.12278582930756844 0.764 0.24557165861513688 0.4666666666666667
0 0.2572463768115942 0.6306666666666667 0.13365539452495975 0.264
0 0.35668276972624796 0.5386666666666666 0.061191626409017714 0.144