0 0.15982286634460546 0.7773333333333333 0.3196457326892109 0.44
0 0.321256038647343 0.6933333333333334 0.16988727858293076 0.3626666666666667
0 0.710950080515298 0.672 0.15539452495974235 0.4053333333333333
0 0.4086151368760064 0.5573333333333333 0.06360708534621579 0.17866666666666667
0 0.4251207729468599 0.5453333333333333 0.0644122383252818 0.12533333333333332
0 0.5370370370370371 0.4693333333333333 0.05314009661835749 0.058666666666666666
0 0.6855877616747182 0.596 0.09822866344605476 0.24533333333333332
0 0.7274557165861514 0.54 0.09581320450885668 0.19466666666666665
0 0.6533816425120773 0.49733333333333335 0.10064412238325282 0.12533333333333332
0 0.9243156199677939 0.5066666666666667 0.10628019323671498 0.14666666666666667
0 0.8413848631239935 0.4826666666666667 0.08454106280193237 0.09333333333333334