0 0.9557165861513688 0.7653333333333333 0.08695652173913043 0.464
0 0.785829307568438 0.736 0.29871175523349436 0.5226666666666666
0 0.1324476650563607 0.7666666666666667 0.2648953301127214 0.4613333333333333
0 0.2822061191626409 0.636 0.13446054750402575 0.30666666666666664
0 0.6086956521739131 0.588 0.09339774557165861 0.224
0 0.3538647342995169 0.584 0.07971014492753623 0.2
0 0.5776972624798712 0.5466666666666666 0.06843800322061191 0.14666666666666667
1 0.5535426731078905 0.48533333333333334 0.061996779388083734 0.21066666666666667
0 0.5144927536231884 0.508 0.021739130434782608 0.058666666666666666
0 0.42713365539452497 0.5173333333333333 0.023349436392914653 0.050666666666666665
0 0.500402576489533 0.5026666666666667 0.026570048309178744 0.058666666666666666
0 0.47906602254428343 0.504 0.020128824476650563 0.042666666666666665