0 0.7326892109500805 0.6986666666666667 0.26006441223832527 0.5946666666666667
0 0.04830917874396135 0.752 0.0966183574879227 0.49066666666666664
0 0.0929951690821256 0.732 0.1859903381642512 0.44
0 0.12037037037037036 0.6346666666666667 0.24074074074074073 0.31733333333333336
0 0.23349436392914655 0.5546666666666666 0.21175523349436393 0.28
0 0.19162640901771336 0.5986666666666667 0.1956521739130435 0.2853333333333333
0 0.6256038647342995 0.5946666666666667 0.1111111111111111 0.24
0 0.2604669887278583 0.5413333333333333 0.14492753623188406 0.22933333333333333
0 0.3007246376811594 0.5613333333333334 0.1247987117552335 0.17066666666666666
0 0.30998389694041867 0.536 0.13123993558776167 0.16266666666666665
0 0.3611111111111111 0.5013333333333333 0.0893719806763285 0.10933333333333334
0 0.38164251207729466 0.48933333333333334 0.071658615136876 0.112
0 0.5434782608695652 0.5106666666666667 0.03784219001610306 0.09866666666666667
0 0.5849436392914654 0.5533333333333333 0.07085346215780998 0.176
0 0.5285829307568438 0.484 0.027375201288244767 0.08