0 0.4851046698872786 0.5346666666666666 0.04589371980676329 0.12266666666666666
0 0.14251207729468598 0.7533333333333333 0.2471819645732689 0.488
0 0.22544283413848631 0.6413333333333333 0.1932367149758454 0.32
0 0.33011272141706927 0.5613333333333334 0.10789049919484701 0.16
0 0.3756038647342995 0.5346666666666666 0.0861513687600644 0.12533333333333332
0 0.4247181964573269 0.5026666666666667 0.05877616747181964 0.08266666666666667
1 0.8510466988727858 0.49866666666666665 0.2962962962962963 0.9973333333333333
0 0.7202093397745571 0.6773333333333333 0.18840579710144928 0.352
0 0.5648148148148148 0.5373333333333333 0.04589371980676329 0.10666666666666667
1 0.5314009661835749 0.48 0.029790660225442835 0.10133333333333333
0 0.27334943639291465 0.5346666666666666 0.06682769726247988 0.112
0 0.49114331723027377 0.5133333333333333 0.029790660225442835 0.09066666666666667
1 0.026167471819645734 0.5533333333333333 0.05233494363929147 0.44
0 0.05112721417069243 0.552 0.10225442834138486 0.13866666666666666
0 0.19685990338164253 0.5186666666666667 0.07085346215780998 0.09333333333333334