0 0.714975845410628 0.536 0.21256038647342995 0.248
0 0.9327697262479872 0.448 0.10789049919484701 0.10666666666666667
0 0.9017713365539453 0.4533333333333333 0.10225442834138486 0.09866666666666667
0 0.8747987117552335 0.4493333333333333 0.10064412238325282 0.09866666666666667
0 0.3607085346215781 0.552 0.05636070853462158 0.13866666666666666
0 0.4307568438003221 0.532 0.04428341384863124 0.11466666666666667
0 0.6642512077294686 0.4666666666666667 0.09259259259259259 0.11733333333333333
0 0.750805152979066 0.452 0.04508856682769726 0.08533333333333333
1 0.8369565217391305 0.43466666666666665 0.05233494363929147 0.09866666666666667
0 0.7818035426731079 0.45066666666666666 0.050724637681159424 0.07733333333333334
0 0.3832528180354267 0.5386666666666666 0.04750402576489533 0.10666666666666667
0 0.533011272141707 0.5013333333333333 0.0322061191626409 0.072
0 0.48993558776167473 0.5053333333333333 0.02254428341384863 0.058666666666666666