0 0.5124798711755234 0.5786666666666667 0.057971014492753624 0.184
0 0.6743156199677939 0.576 0.13365539452495975 0.224
0 0.6002415458937198 0.5413333333333333 0.07246376811594203 0.12266666666666666
0 0.572463768115942 0.5293333333333333 0.06360708534621579 0.088
0 0.29790660225442833 0.5893333333333334 0.08695652173913043 0.16533333333333333
0 0.41183574879227053 0.5333333333333333 0.03542673107890499 0.08533333333333333
0 0.4537037037037037 0.516 0.0249597423510467 0.058666666666666666
0 0.26247987117552335 0.5746666666666667 0.08051529790660225 0.12533333333333332
0 0.30676328502415456 0.544 0.05233494363929147 0.11733333333333333
0 0.3615136876006441 0.5306666666666666 0.040257648953301126 0.07466666666666667
0 0.41586151368760066 0.52 0.036231884057971016 0.05333333333333334
0 0.14251207729468598 0.564 0.08695652173913043 0.12533333333333332
0 0.14371980676328502 0.54 0.0861513687600644 0.088