3 0.8105815831987075 0.6951871657754011 0.18174474959612277 0.6042780748663101
3 0.3529886914378029 0.5641711229946524 0.033925686591276254 0.28342245989304815
3 0.7536348949919225 0.7165775401069518 0.061389337641357025 0.5614973262032086
3 0.625605815831987 0.6818181818181818 0.048465266558966075 0.5
3 0.4769789983844911 0.6417112299465241 0.05411954765751212 0.40641711229946526
3 0.6575121163166397 0.6149732620320856 0.07996768982229402 0.39572192513368987
3 0.552907915993538 0.5882352941176471 0.03877221324717286 0.32085561497326204
3 0.6340872374798061 0.6778074866310161 0.05815831987075929 0.4304812834224599
3 0.5908723747980614 0.56951871657754 0.03715670436187399 0.2994652406417112
3 0.6159127625201939 0.6149732620320856 0.06785137318255251 0.3689839572192513
0 0.42851373182552505 0.5427807486631016 0.06704361873990307 0.16844919786096257