0 0.467767929089444 0.5199468085106383 0.032232070910556 0.09840425531914894
0 0.10233682514101532 0.7486702127659575 0.20467365028203063 0.4973404255319149
0 0.26228847703464947 0.6728723404255319 0.15471394037066882 0.31648936170212766
0 0.08178887993553585 0.675531914893617 0.1635777598710717 0.32978723404255317
0 0.033440773569701855 0.598404255319149 0.06688154713940371 0.18882978723404256
0 0.1917808219178082 0.5851063829787234 0.11200644641418211 0.18351063829787234
1 0.30016116035455276 0.5053191489361702 0.08460918614020951 0.22340425531914893
0 0.16841257050765512 0.5598404255319149 0.09347300564061241 0.13297872340425532
0 0.33440773569701854 0.5292553191489362 0.045124899274778404 0.09308510638297872
2 0.4331184528605963 0.4587765957446808 0.0265914585012087 0.13031914893617022
0 0.25141015310233683 0.5279255319148937 0.053988718775181306 0.09574468085106383