0 0.9086151368760065 0.7333333333333333 0.18115942028985507 0.528
0 0.14251207729468598 0.7333333333333333 0.2785829307568438 0.528
0 0.6727053140096618 0.648 0.15861513687600645 0.34933333333333333
0 0.29911433172302737 0.6453333333333333 0.12399355877616747 0.2906666666666667
0 0.605072463768116 0.5906666666666667 0.09339774557165861 0.2
1 0.5648148148148148 0.49733333333333335 0.07568438003220612 0.25333333333333335
0 0.5454911433172303 0.5293333333333333 0.037037037037037035 0.11733333333333333
0 0.5402576489533011 0.5293333333333333 0.037037037037037035 0.096
0 0.5173107890499195 0.528 0.024154589371980676 0.064
0 0.41988727858293073 0.536 0.0249597423510467 0.058666666666666666
0 0.501207729468599 0.5213333333333333 0.028985507246376812 0.064
0 0.47906602254428343 0.5226666666666666 0.021739130434782608 0.048