0 0.1497584541062802 0.764 0.2995169082125604 0.4666666666666667
3 0.6871980676328503 0.5306666666666666 0.023349436392914653 0.224
0 0.6996779388083736 0.6346666666666667 0.13768115942028986 0.296
0 0.6392914653784219 0.5813333333333334 0.08373590982286634 0.18933333333333333
0 0.3832528180354267 0.5786666666666667 0.08454106280193237 0.18933333333333333
0 0.4174718196457327 0.5533333333333333 0.05394524959742351 0.13333333333333333
0 0.6026570048309179 0.548 0.057971014492753624 0.136
0 0.44122383252818037 0.5333333333333333 0.04186795491143317 0.11733333333333333
0 0.4778582930756844 0.5173333333333333 0.040257648953301126 0.088
0 0.5881642512077294 0.5306666666666666 0.03542673107890499 0.10666666666666667
0 0.5491143317230274 0.5026666666666667 0.04106280193236715 0.064