3 0.9652665589660743 0.6042780748663101 0.06785137318255251 0.786096256684492
4 0.18537964458804523 0.8141711229946524 0.14458804523424879 0.3663101604278075
3 0.3901453957996769 0.6377005347593583 0.034733441033925685 0.4411764705882353
3 0.348546042003231 0.6590909090909091 0.05331179321486268 0.44385026737967914
3 0.5246365105008077 0.5294117647058824 0.023424878836833602 0.2192513368983957
3 0.5145395799676898 0.4959893048128342 0.024232633279483037 0.15508021390374332
3 0.561389337641357 0.5320855614973262 0.017770597738287562 0.21390374331550802
3 0.5965266558966075 0.5013368983957219 0.018578352180936994 0.17914438502673796
3 0.6050080775444265 0.48663101604278075 0.012116316639741519 0.15775401069518716
0 0.4693053311793215 0.4839572192513369 0.02827140549273021 0.07219251336898395
3 0.3247172859450727 0.5494652406417112 0.027463651050080775 0.22192513368983957
3 0.5823909531502424 0.5213903743315508 0.01938610662358643 0.18181818181818182