3 0.47495961227786754 0.517379679144385 0.014539579967689823 0.1443850267379679
3 0.49353796445880455 0.5120320855614974 0.014539579967689823 0.1497326203208556
3 0.3154281098546042 0.6457219251336899 0.048465266558966075 0.4411764705882353
3 0.9668820678513732 0.6029411764705882 0.05331179321486268 0.4786096256684492
3 0.33198707592891763 0.5601604278074866 0.03231017770597738 0.21657754010695188
3 0.31704361873990305 0.6229946524064172 0.048465266558966075 0.30213903743315507
0 0.1583198707592892 0.6550802139037433 0.3166397415185784 0.6844919786096256
3 0.6716478190630049 0.5641711229946524 0.045234248788368334 0.34759358288770054
3 0.882875605815832 0.5681818181818182 0.062197092084006464 0.42780748663101603
3 0.40549273021001614 0.5080213903743316 0.012116316639741519 0.12834224598930483
0 0.33966074313408723 0.5254010695187166 0.0815831987075929 0.2192513368983957
1 0.3735864297253635 0.5040106951871658 0.050080775444264945 0.16042780748663102