0 0.18317230273752014 0.748 0.3663446054750403 0.49866666666666665
0 0.9706119162640902 0.8 0.0571658615136876 0.39466666666666667
0 0.8369565217391305 0.736 0.3244766505636071 0.5226666666666666
0 0.9903381642512077 0.4786666666666667 0.017713365539452495 0.24266666666666667
1 0.9343800322061192 0.5133333333333333 0.12962962962962962 0.32266666666666666
1 0.856280193236715 0.496 0.2037037037037037 0.30666666666666664
0 0.3417874396135266 0.5973333333333334 0.10144927536231885 0.232
0 0.38808373590982287 0.56 0.07729468599033816 0.16533333333333333
0 0.7793880837359098 0.49733333333333335 0.08454106280193237 0.152
0 0.71658615136876 0.5013333333333333 0.07729468599033816 0.12533333333333332
0 0.6859903381642513 0.49333333333333335 0.06602254428341385 0.11466666666666667
0 0.6727053140096618 0.49866666666666665 0.06763285024154589 0.10133333333333333
0 0.570450885668277 0.532 0.04911433172302738 0.128
0 0.4359903381642512 0.516 0.04508856682769726 0.10666666666666667
1 0.4496779388083736 0.49733333333333335 0.03864734299516908 0.112
0 0.6103059581320451 0.47333333333333333 0.05152979066022544 0.07466666666666667
2 0.5233494363929146 0.44666666666666666 0.03784219001610306 0.13066666666666665