0 0.22745571658615138 0.76 0.2608695652173913 0.4746666666666667
1 0.3719806763285024 0.5373333333333333 0.1111111111111111 0.3546666666666667
0 0.8329307568438004 0.6906666666666667 0.3325281803542673 0.6133333333333333
0 0.716183574879227 0.5866666666666667 0.26570048309178745 0.29333333333333333
0 0.15942028985507245 0.7173333333333334 0.19806763285024154 0.3626666666666667
0 0.5909822866344605 0.528 0.1320450885668277 0.18133333333333335
1 0.428743961352657 0.5133333333333333 0.0571658615136876 0.16266666666666665
0 0.5265700483091788 0.5106666666666667 0.029790660225442835 0.088
0 0.5148953301127214 0.5053333333333333 0.02818035426731079 0.08533333333333333
3 0.46578099838969406 0.48 0.007246376811594203 0.05333333333333334
3 0.4694041867954911 0.48 0.005636070853462158 0.050666666666666665