0 0.9319645732689211 0.78 0.13446054750402575 0.43466666666666665
0 0.7866344605475041 0.7426666666666667 0.2536231884057971 0.5093333333333333
1 0.016505636070853463 0.544 0.033011272141706925 0.5093333333333333
0 0.033011272141706925 0.5826666666666667 0.06602254428341385 0.168
0 0.7061191626409018 0.568 0.10789049919484701 0.328
1 0.4826892109500805 0.49466666666666664 0.037037037037037035 0.13066666666666665
1 0.7439613526570048 0.4533333333333333 0.1642512077294686 0.20533333333333334
0 0.3526570048309179 0.52 0.04830917874396135 0.09866666666666667
0 0.2946859903381642 0.5026666666666667 0.05877616747181964 0.13333333333333333
0 0.4251207729468599 0.4866666666666667 0.02818035426731079 0.07733333333333334
0 0.5970209339774557 0.492 0.050724637681159424 0.096
1 0.5301932367149759 0.44133333333333336 0.02576489533011272 0.09333333333333334
0 0.6352657004830918 0.492 0.05314009661835749 0.10133333333333333
2 0.4975845410628019 0.428 0.02576489533011272 0.128
0 0.19202898550724637 0.524 0.07326892109500806 0.10133333333333333
0 0.10990338164251208 0.5293333333333333 0.06602254428341385 0.09066666666666667