0 0.178743961352657 0.7386666666666667 0.24154589371980675 0.456
0 0.8675523349436393 0.4493333333333333 0.20048309178743962 0.22933333333333333
0 0.9512882447665056 0.428 0.09581320450885668 0.14133333333333334
0 0.37037037037037035 0.5653333333333334 0.06924315619967794 0.14666666666666667
0 0.31602254428341386 0.604 0.11755233494363929 0.232
0 0.5946054750402576 0.5106666666666667 0.05314009661835749 0.11733333333333333
0 0.40136876006441224 0.5386666666666666 0.04830917874396135 0.11733333333333333
0 0.42391304347826086 0.532 0.033011272141706925 0.088
0 0.5233494363929146 0.512 0.0322061191626409 0.08533333333333333
0 0.604669887278583 0.508 0.0853462157809984 0.09866666666666667
0 0.5579710144927537 0.49866666666666665 0.03864734299516908 0.06933333333333333
0 0.5370370370370371 0.468 0.03542673107890499 0.042666666666666665
0 0.45169082125603865 0.4706666666666667 0.036231884057971016 0.034666666666666665