3 0.5298202614379085 0.4702702702702703 0.0196078431372549 0.15405405405405406
3 0.21691176470588236 0.5391891891891892 0.035130718954248366 0.32432432432432434
3 0.5004084967320261 0.47162162162162163 0.025326797385620915 0.1891891891891892
3 0.8125 0.654054054054054 0.29248366013071897 0.6864864864864865
3 0.7071078431372549 0.7297297297297297 0.17483660130718953 0.5351351351351351
3 0.7361111111111112 0.6702702702702703 0.1642156862745098 0.654054054054054
3 0.8108660130718954 0.7554054054054054 0.14869281045751634 0.4837837837837838
3 0.8492647058823529 0.6959459459459459 0.16911764705882354 0.6027027027027027
3 0.9330065359477124 0.7175675675675676 0.1323529411764706 0.5594594594594594
3 0.4395424836601307 0.7202702702702702 0.07516339869281045 0.5540540540540541
3 0.48937908496732024 0.6108108108108108 0.05065359477124183 0.45135135135135135
3 0.5861928104575164 0.6216216216216216 0.04656862745098039 0.41081081081081083
3 0.627859477124183 0.5945945945945946 0.04820261437908497 0.43783783783783786
3 0.6887254901960784 0.5716216216216217 0.07026143790849673 0.41081081081081083
1 0.1090686274509804 0.49864864864864866 0.2181372549019608 0.9972972972972973