0 0.45652173913043476 0.5413333333333333 0.037037037037037035 0.10133333333333333
0 0.17310789049919484 0.776 0.3462157809983897 0.44266666666666665
0 0.12238325281803543 0.6786666666666666 0.2109500805152979 0.37333333333333335
0 0.2938808373590982 0.572 0.1143317230273752 0.144
0 0.32971014492753625 0.552 0.08454106280193237 0.13333333333333333
0 0.3671497584541063 0.5386666666666666 0.07326892109500806 0.09333333333333334
0 0.3860708534621578 0.532 0.05475040257648953 0.08266666666666667
1 0.3973429951690821 0.5066666666666667 0.0571658615136876 0.09066666666666667
0 0.5905797101449275 0.616 0.09500805152979067 0.23466666666666666
0 0.5652173913043478 0.5826666666666667 0.0571658615136876 0.15733333333333333
0 0.5414653784219001 0.5573333333333333 0.05152979066022544 0.128
2 0.5221417069243156 0.468 0.05394524959742351 0.22933333333333333
0 0.19766505636070852 0.5466666666666666 0.06682769726247988 0.09866666666666667
0 0.46578099838969406 0.5226666666666666 0.02818035426731079 0.08266666666666667