0 0.7310789049919485 0.736 0.22544283413848631 0.5226666666666666
0 0.08132045088566828 0.7506666666666667 0.16264090177133655 0.49333333333333335
0 0.12318840579710146 0.6653333333333333 0.2463768115942029 0.38133333333333336
0 0.14371980676328502 0.6093333333333333 0.22061191626409019 0.36
0 0.20330112721417068 0.6 0.1706924315619968 0.21333333333333335
0 0.28743961352657005 0.5813333333333334 0.14170692431561996 0.176
0 0.3192431561996779 0.5653333333333334 0.12560386473429952 0.16533333333333333
0 0.3280998389694042 0.552 0.09742351046698873 0.15733333333333333
0 0.3397745571658615 0.5346666666666666 0.11755233494363929 0.14133333333333334
0 0.3647342995169082 0.528 0.0821256038647343 0.10666666666666667
0 0.3896940418679549 0.504 0.07085346215780998 0.10933333333333334
5 0.46537842190016104 0.49866666666666665 0.00644122383252818 0.05333333333333334
0 0.5688405797101449 0.56 0.05233494363929147 0.13866666666666666
0 0.6312399355877617 0.5213333333333333 0.09420289855072464 0.128
0 0.5780998389694042 0.504 0.0571658615136876 0.08533333333333333
0 0.5189210950080515 0.5053333333333333 0.020128824476650563 0.050666666666666665