0 0.08494363929146538 0.732 0.16988727858293076 0.5306666666666666
0 0.8450080515297906 0.6853333333333333 0.3083735909822866 0.624
0 0.45933977455716585 0.5786666666666667 0.11272141706924316 0.22933333333333333
0 0.7250402576489533 0.668 0.1473429951690821 0.37866666666666665
0 0.6972624798711755 0.576 0.09742351046698873 0.25333333333333335
0 0.9545088566827697 0.4666666666666667 0.0893719806763285 0.18933333333333333
1 0.8985507246376812 0.4573333333333333 0.1288244766505636 0.21066666666666667
1 0.8095813204508857 0.476 0.11030595813204509 0.184
0 0.5108695652173914 0.5066666666666667 0.04911433172302738 0.10666666666666667
0 0.643317230273752 0.49066666666666664 0.03462157809983897 0.09333333333333334
0 0.5422705314009661 0.484 0.033816425120772944 0.08
2 0.6167471819645732 0.42933333333333334 0.036231884057971016 0.11733333333333333