3 0.7548309178743962 0.6506666666666666 0.06280193236714976 0.5813333333333334
3 0.03462157809983897 0.6266666666666667 0.06924315619967794 0.34933333333333333
3 0.0821256038647343 0.632 0.05233494363929147 0.4053333333333333
4 0.7733494363929146 0.652 0.0853462157809984 0.27466666666666667
5 0.34057971014492755 0.54 0.03462157809983897 0.20533333333333334
1 0.4367954911433172 0.48533333333333334 0.06280193236714976 0.16266666666666665
4 0.13727858293075684 0.576 0.04186795491143317 0.15733333333333333
4 0.16183574879227053 0.568 0.04830917874396135 0.14666666666666667
3 0.16344605475040258 0.556 0.01932367149758454 0.19466666666666665
3 0.7556360708534622 0.6173333333333333 0.05394524959742351 0.44533333333333336
3 0.6952495974235104 0.6533333333333333 0.033011272141706925 0.25066666666666665
3 0.7129629629629629 0.652 0.03784219001610306 0.25066666666666665
5 0.501207729468599 0.5106666666666667 0.033816425120772944 0.11733333333333333
0 0.3743961352657005 0.5026666666666667 0.05636070853462158 0.064