0 0.8393719806763285 0.744 0.3196457326892109 0.5066666666666667
0 0.015297906602254429 0.592 0.030595813204508857 0.17333333333333334
0 0.7298711755233495 0.58 0.12318840579710146 0.368
1 0.47705314009661837 0.49733333333333335 0.03864734299516908 0.136
1 0.749597423510467 0.452 0.17149758454106281 0.21333333333333335
0 0.3425925925925926 0.524 0.05152979066022544 0.10133333333333333
0 0.28140096618357485 0.5066666666666667 0.06280193236714976 0.14133333333333334
0 0.41867954911433175 0.48933333333333334 0.028985507246376812 0.08
0 0.5966183574879227 0.496 0.05314009661835749 0.09866666666666667
1 0.5265700483091788 0.444 0.026570048309178744 0.09333333333333334
0 0.6356682769726248 0.496 0.05555555555555555 0.10666666666666667
1 0.9396135265700483 0.43066666666666664 0.11916264090177134 0.16533333333333333
2 0.4927536231884058 0.42933333333333334 0.026570048309178744 0.13066666666666665
0 0.17391304347826086 0.532 0.07890499194847021 0.10666666666666667
0 0.08655394524959742 0.5386666666666666 0.071658615136876 0.096