3 0.8222940226171244 0.6590909090909091 0.09612277867528271 0.6764705882352942
3 0.8663166397415186 0.5949197860962567 0.07027463651050081 0.6176470588235294
4 0.09208400646203554 0.8489304812834224 0.15508885298869143 0.2967914438502674
4 0.29846526655896605 0.7045454545454546 0.0791599353796446 0.2887700534759358
4 0.15105008077544427 0.8368983957219251 0.1470113085621971 0.32085561497326204
3 0.42245557350565427 0.5614973262032086 0.025040387722132473 0.25935828877005346
3 0.3990306946688207 0.5614973262032086 0.029079159935379646 0.24598930481283424
3 0.48707592891760904 0.5267379679144385 0.022617124394184167 0.19518716577540107
3 0.5016155088852988 0.49866310160427807 0.014539579967689823 0.1443850267379679
3 0.5282714054927302 0.5267379679144385 0.01938610662358643 0.18983957219251338
3 0.5840064620355412 0.49866310160427807 0.015347334410339256 0.16310160427807488
0 0.4579967689822294 0.48128342245989303 0.025848142164781908 0.06684491978609626
3 0.3937802907915994 0.5307486631016043 0.015347334410339256 0.18983957219251338
3 0.5553311793214862 0.5187165775401069 0.014539579967689823 0.16844919786096257