0 0.5116747181964574 0.5733333333333334 0.06521739130434782 0.176
0 0.2427536231884058 0.5346666666666666 0.07407407407407407 0.12266666666666666
5 0.7061191626409018 0.5586666666666666 0.07648953301127215 0.18666666666666668
1 0.5672302737520128 0.504 0.050724637681159424 0.17066666666666666
3 0.39855072463768115 0.54 0.016908212560386472 0.18666666666666668
1 0.32326892109500804 0.49866666666666665 0.04186795491143317 0.088
0 0.39009661835748793 0.5213333333333333 0.07326892109500806 0.11466666666666667
0 0.4106280193236715 0.52 0.06924315619967794 0.08266666666666667
0 0.427938808373591 0.504 0.05152979066022544 0.072
0 0.44524959742351045 0.49066666666666664 0.03784219001610306 0.050666666666666665
0 0.48470209339774556 0.5293333333333333 0.03542673107890499 0.10666666666666667
0 0.3059581320450886 0.49066666666666664 0.04106280193236715 0.064