0 0.5161030595813204 0.588 0.0644122383252818 0.20266666666666666
0 0.6513687600644122 0.5613333333333334 0.11674718196457327 0.18933333333333333
0 0.5925925925925926 0.5373333333333333 0.06682769726247988 0.112
0 0.5692431561996779 0.5266666666666666 0.05877616747181964 0.08266666666666667
0 0.05152979066022544 0.672 0.10305958132045089 0.24533333333333332
0 0.3675523349436393 0.5506666666666666 0.05233494363929147 0.10666666666666667
0 0.4367954911433172 0.5213333333333333 0.028985507246376812 0.06933333333333333
0 0.47061191626409016 0.508 0.020128824476650563 0.050666666666666665
0 0.285426731078905 0.5653333333333334 0.06924315619967794 0.112
0 0.32286634460547503 0.54 0.04750402576489533 0.10666666666666667
0 0.3715780998389694 0.5253333333333333 0.03784219001610306 0.072
0 0.4214975845410628 0.5186666666666667 0.033816425120772944 0.050666666666666665
0 0.178743961352657 0.5573333333333333 0.0748792270531401 0.11466666666666667
0 0.1723027375201288 0.5373333333333333 0.07729468599033816 0.08266666666666667