0 0.47906602254428343 0.532 0.04106280193236715 0.10666666666666667
0 0.18156199677938809 0.6373333333333333 0.15861513687600645 0.26666666666666666
0 0.3607085346215781 0.6493333333333333 0.11996779388083736 0.27466666666666667
0 0.40418679549114334 0.5866666666666667 0.07729468599033816 0.19466666666666665
0 0.3256843800322061 0.5386666666666666 0.107085346215781 0.14933333333333335
0 0.8727858293075684 0.7933333333333333 0.2528180354267311 0.408
2 0.6735104669887279 0.4533333333333333 0.22624798711755234 0.72
3 0.8264895330112721 0.6853333333333333 0.07890499194847021 0.496
0 0.5422705314009661 0.5453333333333333 0.04428341384863124 0.11466666666666667
0 0.5249597423510467 0.524 0.03140096618357488 0.08
2 0.5161030595813204 0.4693333333333333 0.03784219001610306 0.16
0 0.21256038647342995 0.5213333333333333 0.06521739130434782 0.09333333333333334
0 0.47101449275362317 0.5173333333333333 0.027375201288244767 0.08266666666666667
0 0.03462157809983897 0.5666666666666667 0.06924315619967794 0.16533333333333333