0 0.37459150326797386 0.5635135135135135 0.08823529411764706 0.1972972972972973
5 0.7867647058823529 0.46621621621621623 0.06209150326797386 0.17297297297297298
5 0.7226307189542484 0.46621621621621623 0.04820261437908497 0.14594594594594595
3 0.4497549019607843 0.5108108108108108 0.0196078431372549 0.14864864864864866
5 0.5919117647058824 0.47702702702702704 0.031862745098039214 0.0972972972972973
3 0.3415032679738562 0.5216216216216216 0.017973856209150325 0.16756756756756758
5 0.6830065359477124 0.47297297297297297 0.021241830065359478 0.10540540540540541
3 0.20547385620915032 0.5432432432432432 0.01715686274509804 0.12972972972972974
3 0.2013888888888889 0.5472972972972973 0.018790849673202614 0.12432432432432433
5 0.2659313725490196 0.5432432432432432 0.056372549019607844 0.16756756756756758
3 0.27450980392156865 0.5337837837837838 0.01715686274509804 0.12972972972972974
3 0.26919934640522875 0.5391891891891892 0.021241830065359478 0.15675675675675677
3 0.34068627450980393 0.5162162162162162 0.013071895424836602 0.15945945945945947
0 0.926062091503268 0.44054054054054054 0.10130718954248366 0.0972972972972973
0 0.8398692810457516 0.46756756756756757 0.08905228758169935 0.08108108108108109