3 0.5706699346405228 0.4783783783783784 0.0196078431372549 0.15405405405405406
3 0.2397875816993464 0.5243243243243243 0.029411764705882353 0.32432432432432434
3 0.9342320261437909 0.672972972972973 0.12990196078431374 0.6486486486486487
3 0.5245098039215687 0.5581081081081081 0.03758169934640523 0.33513513513513515
3 0.5702614379084967 0.5337837837837838 0.03839869281045752 0.35135135135135137
3 0.4950980392156863 0.5067567567567568 0.029411764705882353 0.2648648648648649
3 0.4714052287581699 0.5121621621621621 0.03022875816993464 0.2702702702702703
3 0.5277777777777778 0.5027027027027027 0.028594771241830064 0.24054054054054055
3 0.5649509803921569 0.5081081081081081 0.022058823529411766 0.22432432432432434
3 0.38357843137254904 0.5175675675675676 0.026143790849673203 0.2756756756756757
3 0.40604575163398693 0.518918918918919 0.02287581699346405 0.22972972972972974
3 0.4285130718954248 0.49864864864864866 0.025326797385620915 0.25675675675675674
3 0.4534313725490196 0.522972972972973 0.0196078431372549 0.21351351351351353
3 0.4207516339869281 0.5 0.042483660130718956 0.22972972972972974
1 0.10947712418300654 0.49864864864864866 0.21895424836601307 0.9972972972972973