0 0.5157004830917874 0.6133333333333333 0.09259259259259259 0.288
0 0.7544283413848631 0.6506666666666666 0.1996779388083736 0.384
0 0.5982286634460547 0.5146666666666667 0.08051529790660225 0.11733333333333333
0 0.5676328502415459 0.5026666666666667 0.050724637681159424 0.08
0 0.5531400966183575 0.49466666666666664 0.04750402576489533 0.064
0 0.07528180354267311 0.608 0.15056360708534622 0.25066666666666665
0 0.20853462157809985 0.5706666666666667 0.09581320450885668 0.13866666666666666
0 0.33695652173913043 0.52 0.04669887278582931 0.08
0 0.3603059581320451 0.5026666666666667 0.033816425120772944 0.08266666666666667
0 0.39492753623188404 0.496 0.030595813204508857 0.058666666666666666
0 0.43196457326892107 0.49066666666666664 0.028985507246376812 0.042666666666666665
0 0.25966183574879226 0.5146666666666667 0.05152979066022544 0.08266666666666667
0 0.01892109500805153 0.5773333333333334 0.03784219001610306 0.17066666666666666