0 0.0853462157809984 0.7946666666666666 0.1706924315619968 0.4053333333333333
1 0.2898550724637681 0.6 0.22705314009661837 0.6506666666666666
0 0.8289049919484702 0.7186666666666667 0.34057971014492755 0.5573333333333333
0 0.061996779388083734 0.788 0.12399355877616747 0.4186666666666667
0 0.6336553945249598 0.568 0.1859903381642512 0.25066666666666665
1 0.40982286634460546 0.5386666666666666 0.08132045088566828 0.22666666666666666
0 0.16505636070853463 0.6973333333333334 0.19243156199677938 0.34933333333333333
0 0.5370370370370371 0.5253333333333333 0.036231884057971016 0.10133333333333333
0 0.5237520128824477 0.5133333333333333 0.0322061191626409 0.09866666666666667
3 0.47342995169082125 0.49066666666666664 0.004830917874396135 0.058666666666666666
3 0.4778582930756844 0.492 0.004830917874396135 0.056
0 0.4468599033816425 0.49066666666666664 0.014492753623188406 0.050666666666666665