0 0.9134460547504025 0.672 0.17149758454106281 0.5706666666666667
0 0.15257648953301128 0.756 0.30515297906602257 0.4826666666666667
0 0.3446054750402576 0.636 0.11594202898550725 0.2613333333333333
0 0.39170692431562 0.5813333333333334 0.08132045088566828 0.184
0 0.5990338164251208 0.568 0.06682769726247988 0.20266666666666666
0 0.8743961352657005 0.5826666666666667 0.249597423510467 0.328
0 0.4251207729468599 0.5293333333333333 0.04428341384863124 0.128
0 0.43156199677938806 0.524 0.04911433172302738 0.09333333333333334
0 0.36553945249597425 0.484 0.050724637681159424 0.056
0 0.6127214170692431 0.5386666666666666 0.06602254428341385 0.14666666666666667
0 0.6489533011272142 0.5106666666666667 0.06924315619967794 0.13066666666666665
0 0.7661030595813204 0.4706666666666667 0.06602254428341385 0.07466666666666667