0 0.6855877616747182 0.628 0.14170692431561996 0.2826666666666667
0 0.4971819645732689 0.49866666666666665 0.06038647342995169 0.06933333333333333
3 0.392914653784219 0.5173333333333333 0.012077294685990338 0.12266666666666666
5 0.7198067632850241 0.5306666666666666 0.05877616747181964 0.14933333333333335
0 0.6561996779388084 0.48 0.05877616747181964 0.072
0 0.8027375201288245 0.4693333333333333 0.0748792270531401 0.06933333333333333
1 0.9702093397745571 0.4613333333333333 0.057971014492753624 0.09066666666666667
0 0.3413848631239936 0.512 0.05152979066022544 0.072
0 0.21859903381642512 0.5173333333333333 0.04750402576489533 0.06666666666666667
0 0.48148148148148145 0.488 0.017713365539452495 0.04
0 0.4537037037037037 0.488 0.020933977455716585 0.042666666666666665