0 0.5044283413848631 0.6106666666666667 0.06280193236714976 0.17866666666666667
0 0.15338164251207728 0.604 0.11594202898550725 0.17866666666666667
5 0.8389694041867954 0.6413333333333333 0.14009661835748793 0.31733333333333336
1 0.5974235104669887 0.5613333333333334 0.07890499194847021 0.24533333333333332
3 0.3438003220611916 0.62 0.028985507246376812 0.296
1 0.2612721417069243 0.552 0.06602254428341385 0.12533333333333332
0 0.357890499194847 0.5813333333333334 0.0966183574879227 0.16
0 0.39090177133655396 0.5693333333333334 0.08454106280193237 0.10666666666666667
0 0.4166666666666667 0.548 0.05958132045088567 0.088
0 0.43800322061191627 0.5346666666666666 0.04428341384863124 0.058666666666666666
0 0.5636070853462157 0.56 0.04186795491143317 0.09866666666666667
0 0.4859098228663446 0.5573333333333333 0.03462157809983897 0.10666666666666667
0 0.2757648953301127 0.5413333333333333 0.05152979066022544 0.07733333333333334