0 0.6658615136876006 0.516 0.15458937198067632 0.18133333333333335
0 0.9923510466988728 0.42533333333333334 0.013687600644122383 0.12533333333333332
0 0.8820450885668277 0.436 0.09098228663446055 0.09066666666666667
0 0.857085346215781 0.43733333333333335 0.08695652173913043 0.08533333333333333
0 0.8385668276972624 0.444 0.08695652173913043 0.08533333333333333
0 0.394524959742351 0.54 0.043478260869565216 0.112
0 0.4553140096618358 0.512 0.03140096618357488 0.08
0 0.6545893719806763 0.472 0.07971014492753623 0.10133333333333333
0 0.7347020933977456 0.43866666666666665 0.039452495974235106 0.07733333333333334
0 0.7644927536231884 0.44666666666666666 0.0426731078904992 0.06933333333333333
0 0.539049919484702 0.492 0.02818035426731079 0.064