0 0.5056360708534622 0.556 0.050724637681159424 0.13866666666666666
0 0.2689210950080515 0.6453333333333333 0.1747181964573269 0.344
0 0.30515297906602257 0.6026666666666667 0.1392914653784219 0.23466666666666666
0 0.39573268921095006 0.5453333333333333 0.09178743961352658 0.12533333333333332
0 0.4134460547504026 0.52 0.05958132045088567 0.09333333333333334
0 0.42592592592592593 0.5186666666666667 0.05877616747181964 0.08533333333333333
1 0.4577294685990338 0.4786666666666667 0.04669887278582931 0.08
0 0.8776167471819646 0.7773333333333333 0.2431561996779388 0.44
0 0.6992753623188406 0.62 0.1537842190016103 0.312
3 0.6107085346215781 0.5946666666666667 0.033011272141706925 0.224
0 0.6243961352657005 0.572 0.0748792270531401 0.16
0 0.5950080515297906 0.5493333333333333 0.05394524959742351 0.12
0 0.5817230273752013 0.5226666666666666 0.04750402576489533 0.12
3 0.5531400966183575 0.508 0.011272141706924315 0.07466666666666667
0 0.09541062801932366 0.6226666666666667 0.19082125603864733 0.256
0 0.5048309178743962 0.5146666666666667 0.029790660225442835 0.09066666666666667
0 0.026167471819645734 0.544 0.05233494363929147 0.17866666666666667
0 0.21739130434782608 0.5706666666666667 0.11513687600644122 0.17333333333333334
1 0.715780998389694 0.49333333333333335 0.09581320450885668 0.12266666666666666