0 0.5052334943639292 0.5586666666666666 0.05394524959742351 0.168
0 0.7326892109500805 0.624 0.1570048309178744 0.32
0 0.6328502415458938 0.5586666666666666 0.11352657004830918 0.17333333333333334
0 0.20571658615136876 0.6173333333333333 0.15780998389694043 0.264
0 0.03421900161030596 0.6546666666666666 0.06843800322061191 0.256
0 0.12399355877616747 0.592 0.1392914653784219 0.23733333333333334
0 0.38808373590982287 0.532 0.05555555555555555 0.09866666666666667
0 0.47302737520128824 0.492 0.02576489533011272 0.064
0 0.27938808373590984 0.544 0.07729468599033816 0.12266666666666666
0 0.37721417069243157 0.5213333333333333 0.0499194847020934 0.07466666666666667
0 0.5446859903381642 0.488 0.020128824476650563 0.04533333333333334
0 0.17995169082125603 0.5493333333333333 0.09500805152979067 0.12