0 0.5060386473429952 0.5586666666666666 0.050724637681159424 0.13866666666666666
0 0.2995169082125604 0.6186666666666667 0.1529790660225443 0.288
0 0.3244766505636071 0.5866666666666667 0.12560386473429952 0.208
0 0.4025764895330113 0.5373333333333333 0.0861513687600644 0.11466666666666667
0 0.42914653784219003 0.5093333333333333 0.05636070853462158 0.08
1 0.45933977455716585 0.4706666666666667 0.04589371980676329 0.07733333333333334
0 0.8522544283413849 0.7666666666666667 0.2938808373590982 0.4613333333333333
0 0.6731078904991948 0.5906666666666667 0.12721417069243157 0.2693333333333333
3 0.5998389694041868 0.5826666666666667 0.027375201288244767 0.2
0 0.6143317230273752 0.56 0.06682769726247988 0.144
0 0.5889694041867954 0.5413333333333333 0.04911433172302738 0.10933333333333334
0 0.5772946859903382 0.52 0.04428341384863124 0.112
3 0.5519323671497585 0.5066666666666667 0.010466988727858293 0.072
0 0.13446054750402575 0.6 0.18115942028985507 0.21866666666666668
0 0.5048309178743962 0.516 0.029790660225442835 0.09066666666666667
0 0.04468599033816425 0.5493333333333333 0.0893719806763285 0.17866666666666667
0 0.24114331723027374 0.56 0.10225442834138486 0.15733333333333333
1 0.7077294685990339 0.49466666666666664 0.09178743961352658 0.11733333333333333