0 0.24154589371980675 0.6506666666666666 0.13848631239935588 0.25866666666666666
0 0.31280193236714976 0.5946666666666667 0.0853462157809984 0.16533333333333333
0 0.35104669887278583 0.568 0.05636070853462158 0.128
0 0.3780193236714976 0.5466666666666666 0.04669887278582931 0.09866666666666667
0 0.6996779388083736 0.4706666666666667 0.10305958132045089 0.128
0 0.6807568438003221 0.4666666666666667 0.06924315619967794 0.12266666666666666
0 0.6606280193236715 0.468 0.07407407407407407 0.10933333333333334
0 0.9766505636070854 0.4026666666666667 0.04508856682769726 0.12266666666666666
0 0.9545088566827697 0.4013333333333333 0.0893719806763285 0.12266666666666666
0 0.9392109500805152 0.408 0.11996779388083736 0.104
0 0.9082125603864735 0.41733333333333333 0.10950080515297907 0.096
0 0.4053945249597424 0.5333333333333333 0.036231884057971016 0.08
0 0.5551529790660226 0.5106666666666667 0.037037037037037035 0.096