0 0.0426731078904992 0.672 0.0853462157809984 0.6506666666666666
5 0.32930756843800324 0.6306666666666667 0.04911433172302738 0.2826666666666667
0 0.9420289855072463 0.7466666666666667 0.1143317230273752 0.5013333333333333
0 0.8615136876006442 0.716 0.2753623188405797 0.4266666666666667
0 0.8289049919484702 0.6186666666666667 0.2753623188405797 0.376
0 0.24798711755233493 0.5773333333333334 0.16988727858293076 0.17866666666666667
0 0.2894524959742351 0.5653333333333334 0.13526570048309178 0.15466666666666667
0 0.32004830917874394 0.54 0.08454106280193237 0.12266666666666666
0 0.5374396135265701 0.544 0.05394524959742351 0.13066666666666665
0 0.3679549114331723 0.516 0.06843800322061191 0.088
0 0.5116747181964574 0.5066666666666667 0.027375201288244767 0.07466666666666667
1 0.49033816425120774 0.468 0.014492753623188406 0.056