0 0.5696457326892109 0.556 0.061191626409017714 0.15466666666666667
0 0.12399355877616747 0.7893333333333333 0.24798711755233493 0.416
0 0.8293075684380032 0.5413333333333333 0.2278582930756844 0.216
0 0.7685185185185185 0.49733333333333335 0.1723027375201288 0.224
0 0.35104669887278583 0.5586666666666666 0.0571658615136876 0.13333333333333333
0 0.2427536231884058 0.6346666666666667 0.11916264090177134 0.224
0 0.6912238325281803 0.5026666666666667 0.12077294685990338 0.14133333333333334
0 0.392109500805153 0.5306666666666666 0.037037037037037035 0.08533333333333333
0 0.92914653784219 0.45466666666666666 0.11030595813204509 0.11733333333333333
0 0.8872785829307569 0.4493333333333333 0.10466988727858294 0.096
1 0.9802737520128825 0.43333333333333335 0.03784219001610306 0.17333333333333334