0 0.5116747181964574 0.584 0.07729468599033816 0.24266666666666667
1 0.8852657004830918 0.624 0.2278582930756844 0.7466666666666667
0 0.6847826086956522 0.5786666666666667 0.15539452495974235 0.2613333333333333
0 0.5869565217391305 0.5 0.071658615136876 0.104
0 0.5611916264090178 0.492 0.04750402576489533 0.07466666666666667
0 0.5495169082125604 0.48533333333333334 0.04428341384863124 0.058666666666666666
0 0.043478260869565216 0.6133333333333333 0.08695652173913043 0.2773333333333333
0 0.14653784219001612 0.5693333333333334 0.13043478260869565 0.19466666666666665
0 0.24838969404186795 0.5506666666666666 0.07729468599033816 0.11466666666666667
0 0.35104669887278583 0.5066666666666667 0.04186795491143317 0.072
0 0.37077294685990336 0.49466666666666664 0.030595813204508857 0.07733333333333334
0 0.4005636070853462 0.488 0.02818035426731079 0.05333333333333334
0 0.4351851851851852 0.4826666666666667 0.027375201288244767 0.04
0 0.05877616747181964 0.56 0.10144927536231885 0.15466666666666667