0 0.9464869281045751 0.5662162162162162 0.1053921568627451 0.13783783783783785
0 0.8941993464052288 0.5635135135135135 0.10130718954248366 0.13243243243243244
0 0.8259803921568627 0.5621621621621622 0.09477124183006536 0.14324324324324325
0 0.5061274509803921 0.5081081081081081 0.027777777777777776 0.08108108108108109
5 0.42769607843137253 0.5540540540540541 0.042483660130718956 0.21351351351351353
5 0.46977124183006536 0.5364864864864864 0.049836601307189546 0.20810810810810812
5 0.40032679738562094 0.5054054054054054 0.01715686274509804 0.1
3 0.1556372549019608 0.46621621621621623 0.013071895424836602 0.12702702702702703
3 0.11519607843137254 0.5202702702702703 0.029411764705882353 0.23243243243243245
3 0.2128267973856209 0.4945945945945946 0.01715686274509804 0.15135135135135136
3 0.18055555555555555 0.4864864864864865 0.0196078431372549 0.15135135135135136
3 0.5236928104575164 0.6081081081081081 0.03839869281045752 0.3864864864864865
3 0.5575980392156863 0.5905405405405405 0.049019607843137254 0.36486486486486486
3 0.6102941176470589 0.6054054054054054 0.05800653594771242 0.4243243243243243
3 0.8455882352941176 0.7067567567567568 0.09395424836601307 0.581081081081081
3 0.8525326797385621 0.6986486486486486 0.09967320261437909 0.5972972972972973
3 0.8794934640522876 0.6918918918918919 0.08741830065359477 0.5162162162162162
3 0.6041666666666666 0.6351351351351351 0.04820261437908497 0.4648648648648649