0 0.4883252818035427 0.508 0.020128824476650563 0.064
0 0.2387278582930757 0.7626666666666667 0.2463768115942029 0.4693333333333333
0 0.8639291465378421 0.7373333333333333 0.27053140096618356 0.52
0 0.748792270531401 0.7253333333333334 0.23268921095008052 0.544
0 0.5905797101449275 0.5826666666666667 0.08373590982286634 0.2
0 0.538647342995169 0.5253333333333333 0.03462157809983897 0.096
0 0.5660225442834138 0.5506666666666666 0.0571658615136876 0.15466666666666667
0 0.29508856682769724 0.5493333333333333 0.07085346215780998 0.08533333333333333
0 0.20491143317230273 0.556 0.07971014492753623 0.088
0 0.5225442834138486 0.5066666666666667 0.021739130434782608 0.06133333333333333
3 0.751207729468599 0.5986666666666667 0.03140096618357488 0.4053333333333333