1 0.1928341384863124 0.5213333333333333 0.3856682769726248 0.952
3 0.6590177133655395 0.5373333333333333 0.0249597423510467 0.20266666666666666
5 0.3892914653784219 0.5613333333333334 0.027375201288244767 0.192
5 0.40901771336553944 0.5293333333333333 0.017713365539452495 0.144
0 0.5853462157809984 0.5706666666666667 0.07004830917874397 0.18666666666666668
0 0.5571658615136876 0.536 0.05314009661835749 0.16
0 0.5434782608695652 0.52 0.0426731078904992 0.13333333333333333
3 0.4963768115942029 0.48533333333333334 0.00966183574879227 0.07466666666666667
3 0.501610305958132 0.488 0.008856682769726247 0.072
0 0.4428341384863124 0.48533333333333334 0.018518518518518517 0.06133333333333333
0 0.4074074074074074 0.5173333333333333 0.030595813204508857 0.08266666666666667
0 0.3357487922705314 0.5733333333333334 0.0748792270531401 0.168