0 0.49516908212560384 0.5466666666666666 0.04508856682769726 0.12266666666666666
0 0.107085346215781 0.688 0.214170692431562 0.6186666666666667
0 0.286634460547504 0.6026666666666667 0.14170692431561996 0.232
0 0.3385668276972625 0.5613333333333334 0.1215780998389694 0.224
0 0.37962962962962965 0.5546666666666666 0.09420289855072464 0.12533333333333332
0 0.38768115942028986 0.5413333333333333 0.08373590982286634 0.112
0 0.4061996779388084 0.524 0.05958132045088567 0.08
0 0.4214975845410628 0.5133333333333333 0.05233494363929147 0.072
1 0.5990338164251208 0.532 0.09339774557165861 0.2613333333333333
0 0.538647342995169 0.5146666666666667 0.024154589371980676 0.064
0 0.4883252818035427 0.5186666666666667 0.028985507246376812 0.08533333333333333
1 0.27616747181964574 0.5093333333333333 0.07809983896940419 0.184
0 0.2105475040257649 0.528 0.06682769726247988 0.11466666666666667