0 0.9468954248366013 0.5689189189189189 0.10457516339869281 0.13783783783783785
0 0.8946078431372549 0.5621621621621622 0.10212418300653595 0.13243243243243244
0 0.8255718954248366 0.5621621621621622 0.09477124183006536 0.14324324324324325
0 0.5061274509803921 0.5067567567567568 0.027777777777777776 0.08108108108108109
3 0.8415032679738562 0.6716216216216216 0.08333333333333333 0.5243243243243243
3 0.16176470588235295 0.47297297297297297 0.013071895424836602 0.12702702702702703
3 0.2295751633986928 0.4743243243243243 0.013888888888888888 0.11081081081081082
3 0.25612745098039214 0.5432432432432432 0.02369281045751634 0.22972972972972974
3 0.28880718954248363 0.5378378378378378 0.022058823529411766 0.22162162162162163
3 0.31209150326797386 0.5445945945945946 0.049019607843137254 0.23783783783783785
3 0.39501633986928103 0.5716216216216217 0.03758169934640523 0.3054054054054054
3 0.43137254901960786 0.5662162162162162 0.035130718954248366 0.2702702702702703
3 0.2785947712418301 0.5689189189189189 0.032679738562091505 0.2810810810810811
3 0.315359477124183 0.5662162162162162 0.03022875816993464 0.27297297297297296
3 0.3415032679738562 0.5635135135135135 0.029411764705882353 0.24054054054054055
3 0.27205882352941174 0.5486486486486486 0.0457516339869281 0.24324324324324326