3 0.46607431340872374 0.5387700534759359 0.022617124394184167 0.20320855614973263
3 0.5060581583198708 0.5347593582887701 0.025040387722132473 0.21390374331550802
3 0.2867528271405493 0.5401069518716578 0.020193861066235864 0.19518716577540107
3 0.4559773828756058 0.5574866310160428 0.023424878836833602 0.22727272727272727
3 0.577140549273021 0.6377005347593583 0.05815831987075929 0.4946524064171123
3 0.968497576736672 0.5922459893048129 0.05815831987075929 0.46524064171123
3 0.5141357027463651 0.5467914438502673 0.02827140549273021 0.232620320855615
3 0.6280290791599353 0.6163101604278075 0.048465266558966075 0.37433155080213903
0 0.3287560581583199 0.6042780748663101 0.17124394184168013 0.393048128342246
0 0.3412762520193861 0.5106951871657754 0.0815831987075929 0.2192513368983957
1 0.3743941841680129 0.49866310160427807 0.050080775444264945 0.16042780748663102