0 0.5020128824476651 0.5413333333333333 0.05394524959742351 0.168
0 0.9005636070853462 0.7333333333333333 0.1972624798711755 0.528
0 0.78341384863124 0.616 0.18840579710144928 0.4
1 0.6477455716586151 0.5186666666666667 0.14009661835748793 0.25333333333333335
0 0.5974235104669887 0.5186666666666667 0.09098228663446055 0.13333333333333333
0 0.5591787439613527 0.4866666666666667 0.05475040257648953 0.07466666666666667
0 0.5466988727858293 0.48133333333333334 0.03784219001610306 0.058666666666666666
0 0.2073268921095008 0.5426666666666666 0.10225442834138486 0.16
1 0.35668276972624796 0.476 0.071658615136876 0.2
0 0.2717391304347826 0.5293333333333333 0.06602254428341385 0.11733333333333333
0 0.3176328502415459 0.5226666666666666 0.04669887278582931 0.07733333333333334
0 0.37721417069243157 0.492 0.0322061191626409 0.056
0 0.2069243156199678 0.5266666666666666 0.05314009661835749 0.09866666666666667