3 0.5334967320261438 0.4702702702702703 0.016339869281045753 0.15405405405405406
3 0.21486928104575165 0.5378378378378378 0.02696078431372549 0.32432432432432434
3 0.9084967320261438 0.6756756756756757 0.18137254901960784 0.6432432432432432
3 0.5727124183006536 0.47162162162162163 0.031862745098039214 0.1945945945945946
3 0.5919117647058824 0.6716216216216216 0.1454248366013072 0.6513513513513514
3 0.5959967320261438 0.722972972972973 0.11437908496732026 0.5486486486486486
3 0.6188725490196079 0.6851351351351351 0.05392156862745098 0.6243243243243243
3 0.6793300653594772 0.7418918918918919 0.06944444444444445 0.5108108108108108
3 0.7001633986928104 0.6972972972972973 0.05065359477124183 0.6
3 0.7904411764705882 0.7148648648648649 0.0727124183006536 0.5648648648648649
3 0.30310457516339867 0.7216216216216216 0.07924836601307189 0.5513513513513514
3 0.4644607843137255 0.5783783783783784 0.04656862745098039 0.37027027027027026
3 0.5498366013071896 0.577027027027027 0.03839869281045752 0.34324324324324323
3 0.5776143790849673 0.5594594594594594 0.06781045751633986 0.3675675675675676
3 0.6343954248366013 0.5445945945945946 0.059640522875817 0.34594594594594597
1 0.1090686274509804 0.49864864864864866 0.2181372549019608 0.9972972972972973