0 0.46497584541062803 0.5333333333333333 0.040257648953301126 0.104
0 0.17995169082125603 0.7773333333333333 0.35990338164251207 0.44
0 0.34339774557165864 0.6546666666666666 0.143317230273752 0.33066666666666666
0 0.26006441223832527 0.5813333333333334 0.14090177133655393 0.21066666666666667
0 0.33776167471819646 0.54 0.0893719806763285 0.10666666666666667
0 0.35950080515297905 0.5266666666666666 0.06924315619967794 0.104
0 0.3860708534621578 0.5186666666666667 0.061996779388083734 0.07733333333333334
1 0.4086151368760064 0.492 0.0499194847020934 0.08
2 0.7785829307568438 0.49866666666666665 0.3679549114331723 0.9973333333333333
0 0.5563607085346216 0.5546666666666666 0.05877616747181964 0.152
0 0.5293880837359098 0.5266666666666666 0.039452495974235106 0.09866666666666667
2 0.5157004830917874 0.4533333333333333 0.04589371980676329 0.18933333333333333
0 0.14452495974235105 0.544 0.09178743961352658 0.11733333333333333
0 0.464573268921095 0.512 0.027375201288244767 0.08