3 0.2584541062801932 0.48933333333333334 0.01610305958132045 0.12
0 0.25201288244766507 0.476 0.05314009661835749 0.13333333333333333
0 0.29106280193236717 0.4866666666666667 0.05233494363929147 0.09866666666666667
0 0.3413848631239936 0.48133333333333334 0.06038647342995169 0.08266666666666667
1 0.47624798711755234 0.4653333333333333 0.05636070853462158 0.10133333333333333
0 0.49838969404186795 0.4706666666666667 0.04186795491143317 0.06666666666666667
0 0.53341384863124 0.4653333333333333 0.04428341384863124 0.072
0 0.5599838969404187 0.472 0.04830917874396135 0.056
0 0.5841384863123994 0.472 0.03542673107890499 0.056
0 0.6034621578099839 0.472 0.040257648953301126 0.05333333333333334
0 0.6239935587761675 0.4693333333333333 0.04669887278582931 0.05333333333333334
1 0.6582125603864735 0.452 0.04830917874396135 0.07466666666666667
0 0.676731078904992 0.46266666666666667 0.0426731078904992 0.050666666666666665
0 0.6912238325281803 0.45866666666666667 0.037037037037037035 0.04533333333333334