0 0.5136876006441223 0.5986666666666667 0.08695652173913043 0.272
0 0.7258454106280193 0.6173333333333333 0.18357487922705315 0.33066666666666666
0 0.5938003220611916 0.5066666666666667 0.07729468599033816 0.112
0 0.5648148148148148 0.49466666666666664 0.0499194847020934 0.07733333333333334
0 0.5515297906602254 0.48933333333333334 0.04669887278582931 0.06133333333333333
0 0.08735909822866345 0.5946666666666667 0.1682769726247987 0.232
0 0.22342995169082125 0.5613333333333334 0.08856682769726248 0.128
0 0.3413848631239936 0.512 0.04428341384863124 0.07733333333333334
0 0.3635265700483092 0.49866666666666665 0.033011272141706925 0.08
0 0.3965378421900161 0.49066666666666664 0.029790660225442835 0.056
0 0.4331723027375201 0.48533333333333334 0.02818035426731079 0.042666666666666665
0 0.26570048309178745 0.5066666666666667 0.04830917874396135 0.08
0 0.03180354267310789 0.572 0.06360708534621579 0.17066666666666666