3 0.5339052287581699 0.4702702702702703 0.017973856209150325 0.15405405405405406
3 0.22181372549019607 0.5364864864864864 0.031862745098039214 0.32432432432432434
3 0.8729575163398693 0.6932432432432433 0.10049019607843138 0.6081081081081081
3 0.7675653594771242 0.6837837837837838 0.0923202614379085 0.6270270270270271
3 0.6254084967320261 0.49324324324324326 0.03104575163398693 0.2
3 0.5093954248366013 0.6743243243243243 0.07679738562091504 0.6459459459459459
3 0.5204248366013072 0.7202702702702702 0.05392156862745098 0.5432432432432432
3 0.5763888888888888 0.6743243243243243 0.05228758169934641 0.5972972972972973
3 0.6131535947712419 0.7094594594594594 0.049019607843137254 0.4783783783783784
3 0.6470588235294118 0.6567567567567567 0.05392156862745098 0.5081081081081081
3 0.7095588235294118 0.6864864864864865 0.05392156862745098 0.5
3 0.2536764705882353 0.6959459459459459 0.06372549019607843 0.4972972972972973
3 0.4493464052287582 0.5445945945945946 0.0392156862745098 0.327027027027027
3 0.5159313725490197 0.5527027027027027 0.04820261437908497 0.3027027027027027
3 0.5469771241830066 0.5378378378378378 0.051470588235294115 0.327027027027027
3 0.6021241830065359 0.5310810810810811 0.05065359477124183 0.3081081081081081
1 0.1090686274509804 0.49864864864864866 0.2181372549019608 0.9972972972972973