0 0.49597423510466987 0.5226666666666666 0.03542673107890499 0.112
0 0.8272946859903382 0.7146666666666667 0.24476650563607086 0.5653333333333334
0 0.7238325281803543 0.6293333333333333 0.19243156199677938 0.3333333333333333
0 0.6686795491143317 0.572 0.1497584541062802 0.256
0 0.6413043478260869 0.5573333333333333 0.10950080515297907 0.17866666666666667
0 0.6171497584541062 0.536 0.10547504025764895 0.14133333333333334
0 0.42914653784219003 0.496 0.017713365539452495 0.04
0 0.38164251207729466 0.5293333333333333 0.037037037037037035 0.08266666666666667
0 0.5748792270531401 0.508 0.07246376811594203 0.096
0 0.5535426731078905 0.5 0.057971014492753624 0.072
1 0.538244766505636 0.484 0.04669887278582931 0.072
0 0.3824476650563607 0.49866666666666665 0.02576489533011272 0.056
0 0.3607085346215781 0.49333333333333335 0.016908212560386472 0.042666666666666665