0 0.04589371980676329 0.7973333333333333 0.09178743961352658 0.4
0 0.9440418679549114 0.596 0.11030595813204509 0.392
0 0.21739130434782608 0.6666666666666666 0.1706924315619968 0.2773333333333333
0 0.8168276972624798 0.7426666666666667 0.322061191626409 0.5093333333333333
0 0.6537842190016103 0.6186666666666667 0.12721417069243157 0.29333333333333333
0 0.30958132045088566 0.5973333333333334 0.0821256038647343 0.17866666666666667
0 0.5845410628019324 0.552 0.061996779388083734 0.13866666666666666
0 0.37359098228663445 0.5533333333333333 0.05636070853462158 0.11466666666666667
0 0.5619967793880838 0.54 0.04911433172302738 0.10933333333333334
0 0.4134460547504026 0.52 0.02818035426731079 0.07466666666666667
0 0.5422705314009661 0.5186666666666667 0.033816425120772944 0.08533333333333333
0 0.4617552334943639 0.48933333333333334 0.036231884057971016 0.04533333333333334