0 0.5177133655394525 0.592 0.06682769726247988 0.21066666666666667
0 0.6457326892109501 0.5573333333333333 0.11272141706924316 0.18133333333333335
0 0.5909822866344605 0.5346666666666666 0.06521739130434782 0.10933333333333334
0 0.5688405797101449 0.5253333333333333 0.057971014492753624 0.08
0 0.06159420289855073 0.672 0.12318840579710146 0.25066666666666665
0 0.38164251207729466 0.544 0.04669887278582931 0.096
0 0.44363929146537845 0.5173333333333333 0.027375201288244767 0.064
0 0.4750402576489533 0.5053333333333333 0.01932367149758454 0.048
0 0.2914653784219002 0.5626666666666666 0.06682769726247988 0.10933333333333334
0 0.3285024154589372 0.5373333333333333 0.04589371980676329 0.104
0 0.3743961352657005 0.524 0.036231884057971016 0.06933333333333333
0 0.4227053140096618 0.5173333333333333 0.033816425120772944 0.050666666666666665
0 0.18760064412238325 0.5546666666666666 0.071658615136876 0.10933333333333334
0 0.17914653784219 0.536 0.0748792270531401 0.08