0 0.1678743961352657 0.7693333333333333 0.3357487922705314 0.456
0 0.05636070853462158 0.78 0.11272141706924316 0.43466666666666665
0 0.40982286634460546 0.584 0.061191626409017714 0.17333333333333334
0 0.44082125603864736 0.5506666666666666 0.037037037037037035 0.10666666666666667
1 0.4537037037037037 0.508 0.030595813204508857 0.11466666666666667
0 0.5929951690821256 0.548 0.10305958132045089 0.13333333333333333
0 0.5756843800322061 0.5386666666666666 0.08856682769726248 0.10133333333333333
0 0.5466988727858293 0.5213333333333333 0.06360708534621579 0.088
1 0.46980676328502413 0.49733333333333335 0.020128824476650563 0.06933333333333333
1 0.3530595813204509 0.616 0.1288244766505636 0.352
5 0.8385668276972624 0.5653333333333334 0.0748792270531401 0.25866666666666666