0 0.9561191626409018 0.7506666666666667 0.0861513687600644 0.49333333333333335
0 0.24235104669887278 0.7666666666666667 0.2431561996779388 0.44533333333333336
3 0.6727053140096618 0.5226666666666666 0.020933977455716585 0.18666666666666668
0 0.678743961352657 0.6093333333333333 0.10305958132045089 0.23466666666666666
0 0.6392914653784219 0.5653333333333334 0.07246376811594203 0.16
0 0.4210950080515298 0.5786666666666667 0.06924315619967794 0.16266666666666665
0 0.4468599033816425 0.5533333333333333 0.04750402576489533 0.12
0 0.6127214170692431 0.548 0.050724637681159424 0.12266666666666666
0 0.46859903381642515 0.532 0.03784219001610306 0.10666666666666667
0 0.500805152979066 0.5226666666666666 0.036231884057971016 0.08266666666666667
0 0.5672302737520128 0.5106666666666667 0.03864734299516908 0.06133333333333333