0 0.1972624798711755 0.756 0.2632850241545894 0.4826666666666667
0 0.7721417069243156 0.7346666666666667 0.3059581320450886 0.5253333333333333
0 0.6280193236714976 0.6026666666666667 0.13365539452495975 0.2693333333333333
0 0.3256843800322061 0.6266666666666667 0.1247987117552335 0.248
0 0.3675523349436393 0.5693333333333334 0.06602254428341385 0.16533333333333333
0 0.3973429951690821 0.5413333333333333 0.05394524959742351 0.12533333333333332
0 0.5865539452495975 0.548 0.07648953301127215 0.17066666666666666
0 0.5664251207729468 0.52 0.050724637681159424 0.128
0 0.7274557165861514 0.4613333333333333 0.0853462157809984 0.13066666666666665
0 0.5249597423510467 0.492 0.028985507246376812 0.06666666666666667
0 0.4891304347826087 0.4866666666666667 0.023349436392914653 0.04533333333333334
0 0.46537842190016104 0.48 0.028985507246376812 0.04
5 0.4359903381642512 0.48133333333333334 0.012077294685990338 0.04533333333333334