0 0.10628019323671498 0.6613333333333333 0.21256038647342995 0.37333333333333335
0 0.13808373590982287 0.584 0.2640901771336554 0.368
5 0.39533011272141705 0.5506666666666666 0.023349436392914653 0.16
0 0.9347826086956522 0.7533333333333333 0.1288244766505636 0.488
0 0.8900966183574879 0.7 0.2181964573268921 0.4053333333333333
0 0.8156199677938808 0.6493333333333333 0.2648953301127214 0.32
0 0.7342995169082126 0.6093333333333333 0.2109500805152979 0.22666666666666666
0 0.7020933977455717 0.5693333333333334 0.16183574879227053 0.22933333333333333
0 0.3079710144927536 0.5533333333333333 0.12399355877616747 0.13333333333333333
0 0.33454106280193235 0.5413333333333333 0.10225442834138486 0.11733333333333333
0 0.5289855072463768 0.5266666666666666 0.04186795491143317 0.10133333333333333
0 0.5096618357487923 0.5053333333333333 0.023349436392914653 0.06666666666666667
1 0.4919484702093398 0.47333333333333333 0.01288244766505636 0.05333333333333334