0 0.8200483091787439 0.7653333333333333 0.35829307568438 0.464
0 0.15217391304347827 0.7746666666666666 0.30434782608695654 0.44533333333333336
0 0.29066022544283415 0.676 0.1320450885668277 0.304
0 0.355475040257649 0.624 0.08856682769726248 0.2
0 0.6642512077294686 0.6586666666666666 0.15539452495974235 0.32
0 0.6038647342995169 0.5933333333333334 0.07809983896940419 0.19466666666666665
0 0.8059581320450886 0.5093333333333333 0.11996779388083736 0.17333333333333334
0 0.53341384863124 0.532 0.03462157809983897 0.08266666666666667
0 0.4923510466988728 0.528 0.02818035426731079 0.05333333333333334
0 0.464573268921095 0.516 0.033011272141706925 0.04533333333333334
5 0.4134460547504026 0.516 0.01610305958132045 0.056