0 0.5060386473429952 0.548 0.050724637681159424 0.136
0 0.2278582930756844 0.6866666666666666 0.2028985507246377 0.42933333333333334
0 0.28381642512077293 0.6093333333333333 0.1529790660225443 0.2693333333333333
0 0.3884863123993559 0.54 0.09822866344605476 0.13333333333333333
0 0.40942028985507245 0.512 0.061996779388083734 0.09866666666666667
0 0.4219001610305958 0.508 0.061996779388083734 0.088
1 0.4561191626409018 0.4653333333333333 0.04830917874396135 0.08266666666666667
0 0.7338969404186796 0.636 0.19082125603864733 0.37066666666666664
3 0.6276167471819646 0.5986666666666667 0.03140096618357488 0.25066666666666665
0 0.6368760064412239 0.5693333333333334 0.08454106280193237 0.17333333333333334
0 0.6022544283413849 0.5426666666666666 0.05877616747181964 0.12533333333333332
0 0.5865539452495975 0.5133333333333333 0.05152979066022544 0.128
3 0.5567632850241546 0.49733333333333335 0.011272141706924315 0.07733333333333334
0 0.0748792270531401 0.6386666666666667 0.1497584541062802 0.29333333333333333
0 0.5048309178743962 0.5 0.029790660225442835 0.09066666666666667
0 0.1859903381642512 0.5813333333333334 0.13285024154589373 0.19466666666666665
1 0.7242351046698873 0.484 0.0998389694041868 0.128