0 0.5463336019339242 0.5212765957446809 0.0346494762288477 0.08776595744680851
0 0.5112812248186946 0.4933510638297872 0.017727639000805803 0.04521276595744681
0 0.32151490733279614 0.5917553191489362 0.10475423045930701 0.22606382978723405
0 0.17002417405318293 0.5904255319148937 0.13940370668815472 0.2074468085106383
1 0.2771958098307816 0.5292553191489362 0.06768734891216761 0.1595744680851064
0 0.4008863819500403 0.5319148936170213 0.04593070104754231 0.10106382978723404
1 0.3340048348106366 0.5146276595744681 0.05962933118452861 0.12234042553191489
0 0.4298952457695407 0.5146276595744681 0.029814665592264304 0.07180851063829788
0 0.4931506849315068 0.5106382978723404 0.028203062046736505 0.08776595744680851
0 0.37389202256244963 0.511968085106383 0.0362610797743755 0.07446808510638298
0 0.4443996776792909 0.4973404255319149 0.016116035455278 0.047872340425531915
1 0.38396454472199837 0.4973404255319149 0.030620467365028204 0.0797872340425532