0 0.16948470209339775 0.7453333333333333 0.250402576489533 0.45066666666666666
0 0.5688405797101449 0.556 0.06360708534621579 0.16266666666666665
0 0.24919484702093397 0.5533333333333333 0.1111111111111111 0.136
0 0.6404991948470209 0.62 0.10869565217391304 0.256
0 0.5523349436392915 0.5346666666666666 0.043478260869565216 0.12266666666666666
0 0.3892914653784219 0.5466666666666666 0.04911433172302738 0.11466666666666667
0 0.40700483091787437 0.5133333333333333 0.03864734299516908 0.10933333333333334
0 0.715378421900161 0.7213333333333334 0.20611916264090177 0.43733333333333335
0 0.42391304347826086 0.5106666666666667 0.030595813204508857 0.09066666666666667
1 0.5245571658615137 0.4706666666666667 0.033011272141706925 0.12
0 0.44082125603864736 0.5026666666666667 0.017713365539452495 0.037333333333333336