0 0.4915458937198068 0.504 0.01932367149758454 0.06133333333333333
0 0.8293075684380032 0.744 0.3397745571658615 0.5066666666666667
0 0.44847020933977455 0.5146666666666667 0.027375201288244767 0.07466666666666667
0 0.6115136876006442 0.5893333333333334 0.0861513687600644 0.21066666666666667
0 0.5768921095008052 0.556 0.06763285024154589 0.176
0 0.5615942028985508 0.5306666666666666 0.04669887278582931 0.14666666666666667
0 0.5406602254428341 0.5226666666666666 0.03542673107890499 0.09333333333333334
0 0.5245571658615137 0.5026666666666667 0.020933977455716585 0.06133333333333333
0 0.35950080515297905 0.516 0.04589371980676329 0.056
0 0.2995169082125604 0.52 0.05152979066022544 0.058666666666666666
3 0.607085346215781 0.508 0.017713365539452495 0.14933333333333335