0 0.8518518518518519 0.7533333333333333 0.2946859903381642 0.488
0 0.32971014492753625 0.5346666666666666 0.09098228663446055 0.11733333333333333
3 0.3502415458937198 0.5333333333333333 0.014492753623188406 0.16266666666666665
5 0.7966988727858293 0.552 0.09017713365539452 0.21333333333333335
0 0.5503220611916264 0.49466666666666664 0.07004830917874397 0.088
0 0.7250402576489533 0.4866666666666667 0.07971014492753623 0.07733333333333334
1 0.9392109500805152 0.4706666666666667 0.08856682769726248 0.104
0 0.4323671497584541 0.512 0.057971014492753624 0.07733333333333334
0 0.214170692431562 0.528 0.06682769726247988 0.08533333333333333
0 0.46859903381642515 0.488 0.020128824476650563 0.04533333333333334
0 0.4392109500805153 0.49333333333333335 0.023349436392914653 0.04533333333333334