0 0.538244766505636 0.708 0.15539452495974235 0.488
0 0.9480676328502415 0.724 0.10225442834138486 0.5466666666666666
0 0.6260064412238325 0.524 0.09742351046698873 0.14933333333333335
0 0.5829307568438004 0.5093333333333333 0.05877616747181964 0.09333333333333334
0 0.5644122383252818 0.5013333333333333 0.05314009661835749 0.072
0 0.4533011272141707 0.49333333333333335 0.021739130434782608 0.050666666666666665
0 0.1179549114331723 0.6106666666666667 0.14814814814814814 0.192
0 0.49516908212560384 0.4786666666666667 0.018518518518518517 0.037333333333333336
0 0.3148148148148148 0.5306666666666666 0.05877616747181964 0.09333333333333334
0 0.34500805152979064 0.5093333333333333 0.040257648953301126 0.096
0 0.3860708534621578 0.5 0.03462157809983897 0.064
0 0.42995169082125606 0.49466666666666664 0.030595813204508857 0.04533333333333334
0 0.22302737520128824 0.5253333333333333 0.061191626409017714 0.096
0 0.213768115942029 0.512 0.06521739130434782 0.072