0 0.4967793880837359 0.5253333333333333 0.03462157809983897 0.10933333333333334
0 0.055958132045088566 0.6293333333333333 0.11191626409017713 0.26666666666666666
0 0.8023349436392915 0.6653333333333333 0.20531400966183574 0.44266666666666665
0 0.7254428341384863 0.604 0.16988727858293076 0.2853333333333333
0 0.6501610305958132 0.5733333333333334 0.1320450885668277 0.20533333333333334
0 0.6167471819645732 0.5466666666666666 0.10789049919484701 0.18133333333333335
0 0.605072463768116 0.536 0.09903381642512077 0.13866666666666666
0 0.5885668276972624 0.5226666666666666 0.08695652173913043 0.13066666666666665
0 0.42914653784219003 0.5026666666666667 0.018518518518518517 0.04533333333333334
0 0.5406602254428341 0.49333333333333335 0.04428341384863124 0.056
1 0.5318035426731079 0.484 0.03864734299516908 0.058666666666666666
0 0.4029790660225443 0.49466666666666664 0.020128824476650563 0.048