0 0.2632850241545894 0.6306666666666667 0.12238325281803543 0.23466666666666666
0 0.3256843800322061 0.5826666666666667 0.07729468599033816 0.15466666666666667
0 0.358695652173913 0.56 0.05233494363929147 0.12
0 0.3836553945249597 0.5413333333333333 0.04428341384863124 0.096
0 0.6924315619967794 0.4693333333333333 0.09822866344605476 0.12266666666666666
0 0.6549919484702094 0.4693333333333333 0.071658615136876 0.10666666666666667
0 0.9677938808373591 0.404 0.06280193236714976 0.11733333333333333
0 0.9472624798711755 0.4146666666666667 0.10386473429951691 0.11733333333333333
0 0.9247181964573269 0.42133333333333334 0.11594202898550725 0.09866666666666667
0 0.895330112721417 0.4186666666666667 0.10547504025764895 0.09333333333333334
0 0.40942028985507245 0.5266666666666666 0.03462157809983897 0.07733333333333334
0 0.5543478260869565 0.5066666666666667 0.03542673107890499 0.09066666666666667