5 0.6801470588235294 0.5378378378378378 0.028594771241830064 0.28378378378378377
3 0.8161764705882353 0.6675675675675675 0.08986928104575163 0.6594594594594595
3 0.747140522875817 0.4851351351351351 0.017973856209150325 0.16216216216216217
3 0.5126633986928104 0.5837837837837838 0.04003267973856209 0.32972972972972975
3 0.46977124183006536 0.5783783783783784 0.035130718954248366 0.3162162162162162
3 0.47875816993464054 0.5675675675675675 0.0392156862745098 0.35405405405405405
3 0.7283496732026143 0.5067567567567568 0.02369281045751634 0.1972972972972973
3 0.9044117647058824 0.5067567567567568 0.024509803921568627 0.22432432432432434
3 0.9264705882352942 0.5013513513513513 0.029411764705882353 0.25675675675675674
3 0.923202614379085 0.518918918918919 0.02042483660130719 0.21081081081081082
1 0.5012254901960784 0.4608108108108108 0.014705882352941176 0.05405405405405406