0 0.48389694041867953 0.5 0.01932367149758454 0.06133333333333333
0 0.39533011272141705 0.5706666666666667 0.06602254428341385 0.16266666666666665
0 0.8405797101449275 0.748 0.3172302737520129 0.49866666666666665
0 0.6827697262479872 0.684 0.1892109500805153 0.43466666666666665
0 0.6119162640901772 0.596 0.09339774557165861 0.2773333333333333
0 0.5587761674718197 0.544 0.05555555555555555 0.13866666666666666
0 0.5261674718196457 0.5133333333333333 0.027375201288244767 0.08
0 0.5438808373590982 0.5293333333333333 0.04106280193236715 0.11733333333333333
0 0.3196457326892109 0.5253333333333333 0.05958132045088567 0.072
0 0.2431561996779388 0.528 0.06682769726247988 0.07466666666666667
0 0.5140901771336553 0.49733333333333335 0.01932367149758454 0.05333333333333334
3 0.6578099838969405 0.54 0.023349436392914653 0.248