0 0.31199677938808373 0.7226666666666667 0.23349436392914655 0.4666666666666667
0 0.8530595813204509 0.7666666666666667 0.2922705314009662 0.4613333333333333
0 0.7548309178743962 0.736 0.23027375201288244 0.504
0 0.965378421900161 0.49466666666666664 0.06763285024154589 0.224
1 0.9170692431561996 0.48933333333333334 0.1642512077294686 0.2773333333333333
1 0.8160225442834138 0.5053333333333333 0.15619967793880837 0.248
0 0.39331723027375204 0.5746666666666667 0.07971014492753623 0.18666666666666668
0 0.427938808373591 0.548 0.06682769726247988 0.13866666666666666
0 0.7181964573268921 0.5053333333333333 0.071658615136876 0.112
0 0.6928341384863124 0.5013333333333333 0.061191626409017714 0.104
0 0.5873590982286635 0.5266666666666666 0.043478260869565216 0.112
0 0.46618357487922707 0.5106666666666667 0.039452495974235106 0.096
1 0.4774557165861514 0.496 0.033816425120772944 0.10133333333333333
0 0.6288244766505636 0.476 0.04911433172302738 0.072
2 0.5466988727858293 0.4573333333333333 0.037037037037037035 0.12266666666666666