0 0.49557165861513686 0.5266666666666666 0.03864734299516908 0.12
0 0.8909017713365539 0.744 0.21658615136876005 0.5066666666666667
0 0.35950080515297905 0.5373333333333333 0.04589371980676329 0.09066666666666667
0 0.6461352657004831 0.5506666666666666 0.12962962962962962 0.192
0 0.5909822866344605 0.5306666666666666 0.09339774557165861 0.12533333333333332
1 0.5547504025764896 0.492 0.06521739130434782 0.10133333333333333
0 0.34339774557165864 0.512 0.03864734299516908 0.07733333333333334
0 0.36312399355877617 0.5 0.030595813204508857 0.064
0 0.40700483091787437 0.49466666666666664 0.020128824476650563 0.04
0 0.3192431561996779 0.5026666666666667 0.024154589371980676 0.056
0 0.1392914653784219 0.5106666666666667 0.03140096618357488 0.064