3 0.9632471728594507 0.6577540106951871 0.07189014539579967 0.679144385026738
3 0.617124394184168 0.6724598930481284 0.05977382875605816 0.5106951871657754
5 0.11995153473344103 0.6925133689839572 0.23990306946688206 0.6096256684491979
3 0.7924071082390953 0.5521390374331551 0.050080775444264945 0.4411764705882353
3 0.8525848142164781 0.5601604278074866 0.04038772213247173 0.39037433155080214
4 0.23182552504038773 0.7941176470588235 0.0864297253634895 0.40641711229946526
4 0.26696284329563813 0.7727272727272727 0.06704361873990307 0.35561497326203206
4 0.33521809369951533 0.6310160427807486 0.05411954765751212 0.19786096256684493
4 0.27867528271405495 0.7473262032085561 0.07108239095315025 0.3155080213903743
3 0.41195476575121165 0.5401069518716578 0.014539579967689823 0.18449197860962566
3 0.3937802907915994 0.5508021390374331 0.016962843295638127 0.17379679144385027
3 0.4624394184168013 0.5374331550802139 0.018578352180936994 0.17647058823529413
3 0.4806138933764136 0.5120320855614974 0.01615508885298869 0.13368983957219252
3 0.49434571890145396 0.536096256684492 0.015347334410339256 0.1711229946524064
0 0.4325525040387722 0.4946524064171123 0.023424878836833602 0.06149732620320856
3 0.40831987075928916 0.5347593582887701 0.017770597738287562 0.16844919786096257