0 0.5060386473429952 0.5413333333333333 0.050724637681159424 0.136
0 0.11030595813204509 0.7373333333333333 0.22061191626409019 0.52
0 0.21578099838969403 0.672 0.18518518518518517 0.3893333333333333
0 0.3691626409017713 0.5546666666666666 0.11513687600644122 0.16
0 0.39855072463768115 0.5226666666666666 0.07004830917874397 0.112
0 0.41264090177133655 0.5186666666666667 0.06843800322061191 0.09866666666666667
1 0.45169082125603865 0.46266666666666667 0.05152979066022544 0.088
0 0.8421900161030595 0.7253333333333334 0.3140096618357488 0.544
3 0.6727053140096618 0.6453333333333333 0.04750402576489533 0.336
0 0.6706924315619968 0.604 0.11272141706924316 0.22133333333333333
0 0.6199677938808373 0.564 0.07246376811594203 0.152
0 0.5974235104669887 0.524 0.06038647342995169 0.144
3 0.5611916264090178 0.5026666666666667 0.008856682769726247 0.08533333333333333
0 0.20893719806763286 0.5693333333333334 0.13526570048309178 0.18666666666666668
0 0.2830112721417069 0.5373333333333333 0.08373590982286634 0.136
0 0.5040257648953301 0.49733333333333335 0.028985507246376812 0.088
0 0.09541062801932366 0.6133333333333333 0.1892109500805153 0.25866666666666666
1 0.7427536231884058 0.488 0.11030595813204509 0.13866666666666666
0 0.1280193236714976 0.5346666666666666 0.09581320450885668 0.144