0 0.10305958132045089 0.7773333333333333 0.20611916264090177 0.44
0 0.2999194847020934 0.7213333333333334 0.1706924315619968 0.37333333333333335
0 0.37318840579710144 0.628 0.10547504025764895 0.23733333333333334
0 0.6324476650563607 0.6053333333333333 0.08454106280193237 0.25333333333333335
0 0.928743961352657 0.6413333333333333 0.14090177133655393 0.48533333333333334
0 0.42028985507246375 0.552 0.04911433172302738 0.144
0 0.4303542673107891 0.552 0.05394524959742351 0.10666666666666667
0 0.43478260869565216 0.49066666666666664 0.05152979066022544 0.058666666666666666
0 0.6356682769726248 0.564 0.07729468599033816 0.176
0 0.6747181964573269 0.5346666666666666 0.07809983896940419 0.152
0 0.6292270531400966 0.49733333333333335 0.0861513687600644 0.10666666666666667
0 0.8470209339774557 0.5053333333333333 0.08695652173913043 0.12
0 0.7926731078904992 0.48133333333333334 0.071658615136876 0.08