3 0.5080775444264943 0.5762032085561497 0.03231017770597738 0.2914438502673797
3 0.565831987075929 0.5521390374331551 0.03796445880452343 0.2967914438502674
3 0.23465266558966075 0.5641711229946524 0.030694668820678513 0.24331550802139038
3 0.5367528271405493 0.5655080213903744 0.029079159935379646 0.25668449197860965
3 0.7552504038772213 0.643048128342246 0.09289176090468497 0.5427807486631016
3 0.9680936995153473 0.5909090909090909 0.05977382875605816 0.47058823529411764
3 0.12035541195476575 0.7272727272727273 0.07108239095315025 0.5401069518716578
3 0.09208400646203554 0.7192513368983957 0.07108239095315025 0.5561497326203209
3 0.6546849757673667 0.5454545454545454 0.04038772213247173 0.3074866310160428
3 0.872778675282714 0.6457219251336899 0.07269789983844911 0.48128342245989303
0 0.4123586429725363 0.5347593582887701 0.08239095315024232 0.2192513368983957
0 0.34168012924071084 0.5133689839572193 0.0815831987075929 0.21657754010695188
1 0.3743941841680129 0.5 0.050080775444264945 0.16042780748663102