0 0.49798711755233493 0.5266666666666666 0.04106280193236715 0.128
0 0.23349436392914655 0.612 0.11916264090177134 0.2
0 0.7544283413848631 0.6266666666666667 0.2037037037037037 0.36
0 0.6372785829307569 0.5533333333333333 0.12640901771336555 0.184
0 0.6191626409017713 0.5373333333333333 0.10064412238325282 0.152
0 0.607487922705314 0.516 0.08454106280193237 0.13866666666666666
1 0.57085346215781 0.49066666666666664 0.07729468599033816 0.12533333333333332
0 0.5555555555555556 0.5 0.05958132045088567 0.08
0 0.538647342995169 0.48533333333333334 0.04106280193236715 0.056
0 0.3192431561996779 0.5146666666666667 0.04830917874396135 0.09333333333333334
1 0.4331723027375201 0.468 0.028985507246376812 0.08533333333333333
0 0.3462157809983897 0.5093333333333333 0.037037037037037035 0.07733333333333334
0 0.3675523349436393 0.5053333333333333 0.028985507246376812 0.05333333333333334
0 0.40096618357487923 0.492 0.023349436392914653 0.042666666666666665
0 0.2962962962962963 0.5066666666666667 0.029790660225442835 0.06666666666666667
0 0.08293075684380032 0.5173333333333333 0.033816425120772944 0.07466666666666667