0 0.6103948428686543 0.6077127659574468 0.09105560032232071 0.2127659574468085
0 0.08823529411764706 0.6343085106382979 0.17647058823529413 0.30851063829787234
0 0.27961321514907334 0.660904255319149 0.16116035455278002 0.3191489361702128
0 0.3827558420628525 0.5558510638297872 0.06285253827558421 0.15159574468085107
0 0.5475423045930701 0.5345744680851063 0.043513295729250605 0.10638297872340426
0 0.40934730056406127 0.538563829787234 0.043513295729250605 0.10372340425531915
0 0.3315874294923449 0.5345744680851063 0.048348106365834004 0.09308510638297872
0 0.3690572119258662 0.5226063829787234 0.03384367445608381 0.07180851063829788
0 0.43593875906526997 0.511968085106383 0.020950846091861403 0.05319148936170213
0 0.4822723609991942 0.5079787234042553 0.020145044319097503 0.061170212765957445
0 0.5136986301369864 0.5066489361702128 0.017727639000805803 0.05053191489361702
0 0.5048348106365834 0.5026595744680851 0.015310233682514102 0.04521276595744681
1 0.21394037066881547 0.4800531914893617 0.057211925866236905 0.10106382978723404