0 0.47624798711755234 0.5333333333333333 0.039452495974235106 0.10666666666666667
0 0.13647342995169082 0.6613333333333333 0.17954911433172302 0.31466666666666665
0 0.33776167471819646 0.6826666666666666 0.1457326892109501 0.328
0 0.394122383252818 0.6026666666666667 0.08776167471819646 0.216
0 0.3111916264090177 0.548 0.11352657004830918 0.16
1 0.4166666666666667 0.48933333333333334 0.04589371980676329 0.072
2 0.7012882447665056 0.4693333333333333 0.2745571658615137 0.848
3 0.9053945249597424 0.7133333333333334 0.10305958132045089 0.568
0 0.5442834138486312 0.5453333333333333 0.04589371980676329 0.12266666666666666
0 0.5249597423510467 0.5253333333333333 0.0322061191626409 0.08533333333333333
2 0.5144927536231884 0.4653333333333333 0.04106280193236715 0.168
0 0.19685990338164253 0.524 0.07004830917874397 0.096
0 0.46819645732689213 0.516 0.027375201288244767 0.08266666666666667
0 0.01570048309178744 0.564 0.03140096618357488 0.16266666666666665