0 0.6392914653784219 0.48 0.11996779388083736 0.14133333333333334
0 0.9581320450885669 0.42533333333333334 0.0821256038647343 0.112
0 0.9927536231884058 0.4226666666666667 0.01288244766505636 0.12533333333333332
0 0.8462157809983897 0.43066666666666664 0.07809983896940419 0.08
0 0.8260869565217391 0.43333333333333335 0.07568438003220612 0.07466666666666667
0 0.42351046698872785 0.5133333333333333 0.03542673107890499 0.09333333333333334
0 0.4774557165861514 0.48533333333333334 0.023349436392914653 0.06133333333333333
0 0.6473429951690821 0.448 0.07004830917874397 0.088
0 0.7254428341384863 0.436 0.033816425120772944 0.06933333333333333
0 0.7536231884057971 0.436 0.03864734299516908 0.064
0 0.5466988727858293 0.476 0.0249597423510467 0.058666666666666666