0 0.06280193236714976 0.74 0.12560386473429952 0.472
0 0.8603059581320451 0.6693333333333333 0.2777777777777778 0.352
0 0.15619967793880837 0.6226666666666667 0.26006441223832527 0.288
0 0.5293880837359098 0.5133333333333333 0.026570048309178744 0.06133333333333333
0 0.39492753623188404 0.5133333333333333 0.071658615136876 0.08533333333333333
0 0.6147342995169082 0.5306666666666666 0.0861513687600644 0.10666666666666667
0 0.3365539452495974 0.536 0.11191626409017713 0.15466666666666667
0 0.3144122383252818 0.5746666666666667 0.13526570048309178 0.16533333333333333
0 0.2431561996779388 0.6 0.1996779388083736 0.232
0 0.6940418679549114 0.5653333333333334 0.1247987117552335 0.168
0 0.7262479871175523 0.5933333333333334 0.14412238325281804 0.176