0 0.5458937198067633 0.5186666666666667 0.0322061191626409 0.08
1 0.392109500805153 0.5013333333333333 0.09259259259259259 0.12266666666666666
0 0.38727858293075684 0.5253333333333333 0.09098228663446055 0.096
0 0.34822866344605474 0.544 0.11835748792270531 0.13333333333333333
0 0.33494363929146537 0.5573333333333333 0.12238325281803543 0.14666666666666667
0 0.3055555555555556 0.568 0.13123993558776167 0.17333333333333334
0 0.19806763285024154 0.6093333333333333 0.18357487922705315 0.24266666666666667
0 0.14895330112721417 0.6533333333333333 0.25684380032206117 0.288
0 0.05756843800322061 0.7613333333333333 0.11513687600644122 0.472
0 0.8615136876006442 0.732 0.2753623188405797 0.5306666666666666
2 0.5318035426731079 0.484 0.033011272141706925 0.096