0 0.538244766505636 0.7226666666666667 0.15861513687600645 0.496
0 0.9681964573268921 0.736 0.061996779388083734 0.5226666666666666
0 0.6288244766505636 0.5293333333333333 0.09903381642512077 0.152
0 0.5845410628019324 0.5106666666666667 0.05958132045088567 0.096
0 0.5648148148148148 0.504 0.05394524959742351 0.072
0 0.40660225442834136 0.5173333333333333 0.033816425120772944 0.072
0 0.10869565217391304 0.6173333333333333 0.1529790660225443 0.19733333333333333
0 0.4690016103059581 0.48933333333333334 0.02254428341384863 0.04533333333333334
0 0.3132045088566828 0.5333333333333333 0.05877616747181964 0.096
0 0.3438003220611916 0.5146666666666667 0.040257648953301126 0.096
0 0.3860708534621578 0.504 0.03542673107890499 0.064
0 0.4303542673107891 0.496 0.0322061191626409 0.04533333333333334
0 0.21980676328502416 0.5293333333333333 0.06280193236714976 0.096
0 0.2105475040257649 0.516 0.06602254428341385 0.072