3 0.46607431340872374 0.5267379679144385 0.021809369951534735 0.18181818181818182
3 0.48747980613893377 0.5240641711229946 0.02988691437802908 0.1925133689839572
3 0.3921647819063005 0.5508021390374331 0.02665589660743134 0.21390374331550802
3 0.5092891760904685 0.6363636363636364 0.07108239095315025 0.4732620320855615
3 0.9563812600969306 0.5868983957219251 0.05815831987075929 0.46524064171123
3 0.4939418416801292 0.536096256684492 0.030694668820678513 0.21122994652406418
3 0.5508885298869144 0.606951871657754 0.04604200323101777 0.339572192513369
0 0.26777059773828754 0.6631016042780749 0.2382875605815832 0.5427807486631016
3 0.9200323101777059 0.6229946524064172 0.09854604200323101 0.5721925133689839
0 0.34168012924071084 0.5093582887700535 0.0815831987075929 0.21657754010695188
1 0.37479806138933763 0.49732620320855614 0.050080775444264945 0.16042780748663102