0 0.10185185185185185 0.788 0.2037037037037037 0.4186666666666667
0 0.3820450885668277 0.6026666666666667 0.08293075684380032 0.21866666666666668
0 0.42351046698872785 0.5573333333333333 0.04508856682769726 0.128
1 0.44122383252818037 0.5053333333333333 0.03784219001610306 0.136
0 0.11272141706924316 0.7533333333333333 0.22544283413848631 0.4533333333333333
0 0.6010466988727858 0.5573333333333333 0.1215780998389694 0.15733333333333333
0 0.5805152979066023 0.544 0.10064412238325282 0.11733333333333333
0 0.5458937198067633 0.5226666666666666 0.07004830917874397 0.096
1 0.4601449275362319 0.5053333333333333 0.02576489533011272 0.08
1 0.28421900161030594 0.6626666666666666 0.20853462157809985 0.5306666666666666
5 0.9770531400966184 0.5906666666666667 0.04428341384863124 0.368