0 0.49838969404186795 0.5266666666666666 0.04830917874396135 0.13066666666666665
0 0.22987117552334943 0.6706666666666666 0.22624798711755234 0.37066666666666664
0 0.3309178743961353 0.5506666666666666 0.10628019323671498 0.184
0 0.36231884057971014 0.536 0.0998389694041868 0.152
0 0.39573268921095006 0.5053333333333333 0.07890499194847021 0.10133333333333333
1 0.43156199677938806 0.4666666666666667 0.06280193236714976 0.10933333333333334
0 0.8860708534621579 0.756 0.22624798711755234 0.4826666666666667
0 0.7395330112721417 0.6613333333333333 0.18679549114331723 0.33066666666666666
0 0.6541867954911433 0.5546666666666666 0.11030595813204509 0.248
3 0.5700483091787439 0.5053333333333333 0.015297906602254429 0.11466666666666667
0 0.6948470209339774 0.5066666666666667 0.10064412238325282 0.128
0 0.0966183574879227 0.5973333333333334 0.1932367149758454 0.25866666666666666
0 0.49516908212560384 0.49066666666666664 0.02818035426731079 0.08533333333333333
0 0.19484702093397746 0.5546666666666666 0.11030595813204509 0.18933333333333333
0 0.2580515297906602 0.536 0.08373590982286634 0.144
1 0.8152173913043478 0.4786666666666667 0.1529790660225443 0.18933333333333333