0 0.6207729468599034 0.49866666666666665 0.107085346215781 0.12533333333333332
0 0.92914653784219 0.432 0.10789049919484701 0.10133333333333333
0 0.9677938808373591 0.43066666666666664 0.06280193236714976 0.11733333333333333
0 0.9911433172302737 0.44 0.01610305958132045 0.128
0 0.8156199677938808 0.436 0.071658615136876 0.07466666666666667
0 0.8015297906602254 0.43733333333333335 0.07004830917874397 0.06933333333333333
0 0.4247181964573269 0.5133333333333333 0.0322061191626409 0.08533333333333333
0 0.47665056360708535 0.488 0.021739130434782608 0.056
0 0.7097423510466989 0.43866666666666665 0.0322061191626409 0.06666666666666667
0 0.7363123993558777 0.44 0.03542673107890499 0.06133333333333333
0 0.5406602254428341 0.4786666666666667 0.024154589371980676 0.056