0 0.5040257648953301 0.5626666666666666 0.05314009661835749 0.16533333333333333
0 0.966988727858293 0.7106666666666667 0.0644122383252818 0.5733333333333334
0 0.6634460547504025 0.5826666666666667 0.11755233494363929 0.21866666666666668
0 0.6042673107890499 0.544 0.09259259259259259 0.136
0 0.06884057971014493 0.7533333333333333 0.13768115942028986 0.4746666666666667
0 0.3397745571658615 0.5573333333333333 0.07246376811594203 0.14133333333333334
0 0.08172302737520129 0.6346666666666667 0.16344605475040258 0.23466666666666666
0 0.2000805152979066 0.572 0.09742351046698873 0.184
0 0.427536231884058 0.5173333333333333 0.03784219001610306 0.06933333333333333
0 0.4887278582930757 0.48933333333333334 0.020933977455716585 0.05333333333333334
0 0.30958132045088566 0.5373333333333333 0.06280193236714976 0.104
0 0.38768115942028986 0.5213333333333333 0.04428341384863124 0.06666666666666667
0 0.017310789049919485 0.5506666666666666 0.03462157809983897 0.12
0 0.5305958132045089 0.49466666666666664 0.020933977455716585 0.048
0 0.22342995169082125 0.5386666666666666 0.07568438003220612 0.10133333333333333