0 0.49557165861513686 0.548 0.043478260869565216 0.12
0 0.14412238325281804 0.736 0.23429951690821257 0.49066666666666664
0 0.3140096618357488 0.5866666666666667 0.13687600644122383 0.2
0 0.34581320450885666 0.5653333333333334 0.10547504025764895 0.17066666666666666
0 0.3784219001610306 0.5386666666666666 0.07971014492753623 0.11466666666666667
1 0.4029790660225443 0.492 0.09098228663446055 0.16266666666666665
3 0.6199677938808373 0.5706666666666667 0.02576489533011272 0.19466666666666665
0 0.8639291465378421 0.5853333333333334 0.20048309178743962 0.24533333333333332
0 0.49315619967793883 0.5226666666666666 0.027375201288244767 0.08266666666666667
0 0.03421900161030596 0.6453333333333333 0.06843800322061191 0.30666666666666664
1 0.961755233494364 0.548 0.0748792270531401 0.3466666666666667
0 0.1570048309178744 0.5346666666666666 0.09581320450885668 0.13333333333333333
0 0.21900161030595813 0.532 0.05958132045088567 0.08533333333333333
2 0.3305152979066023 0.48133333333333334 0.0499194847020934 0.11733333333333333