0 0.6912238325281803 0.6946666666666667 0.17632850241545894 0.37066666666666664
0 0.08574879227053141 0.736 0.17149758454106281 0.48533333333333334
1 0.11916264090177134 0.6506666666666666 0.23832528180354268 0.4026666666666667
0 0.22061191626409019 0.5933333333333334 0.16988727858293076 0.24533333333333332
0 0.717391304347826 0.596 0.1610305958132045 0.168
0 0.6831723027375202 0.5586666666666666 0.11916264090177134 0.17333333333333334
0 0.6252012882447665 0.5226666666666666 0.10386473429951691 0.13333333333333333
0 0.31602254428341386 0.49866666666666665 0.11594202898550725 0.19466666666666665
1 0.5301932367149759 0.4826666666666667 0.039452495974235106 0.13333333333333333
0 0.3667471819645733 0.508 0.08293075684380032 0.09066666666666667
0 0.39009661835748793 0.5013333333333333 0.07085346215780998 0.096
1 0.5144927536231884 0.468 0.0249597423510467 0.09866666666666667
1 0.43156199677938806 0.4666666666666667 0.04669887278582931 0.07466666666666667