0 0.49476650563607083 0.5266666666666666 0.037037037037037035 0.11466666666666667
0 0.9174718196457327 0.7026666666666667 0.16344605475040258 0.5893333333333334
0 0.8071658615136876 0.684 0.2109500805152979 0.43466666666666665
0 0.714170692431562 0.6093333333333333 0.1747181964573269 0.27466666666666667
0 0.3977455716586151 0.5093333333333333 0.029790660225442835 0.06133333333333333
0 0.22181964573268922 0.6213333333333333 0.12640901771336555 0.224
0 0.605072463768116 0.524 0.09903381642512077 0.13866666666666666
0 0.570450885668277 0.5106666666666667 0.07407407407407407 0.09866666666666667
1 0.5446859903381642 0.48933333333333334 0.05636070853462158 0.08533333333333333
0 0.35950080515297905 0.496 0.0322061191626409 0.06666666666666667
0 0.37399355877616747 0.49466666666666664 0.026570048309178744 0.058666666666666666
0 0.4114331723027375 0.488 0.018518518518518517 0.037333333333333336
0 0.3361513687600644 0.492 0.020933977455716585 0.050666666666666665