0 0.4967793880837359 0.5213333333333333 0.03542673107890499 0.10933333333333334
0 0.9198872785829307 0.7186666666666667 0.15861513687600645 0.5573333333333333
0 0.7693236714975845 0.676 0.21175523349436393 0.4053333333333333
0 0.6839774557165862 0.5986666666666667 0.15861513687600645 0.2986666666666667
0 0.6505636070853462 0.5653333333333334 0.1360708534621578 0.20533333333333334
0 0.6219806763285024 0.5386666666666666 0.1143317230273752 0.17866666666666667
0 0.5938003220611916 0.52 0.0853462157809984 0.10933333333333334
0 0.40982286634460546 0.5133333333333333 0.02576489533011272 0.06133333333333333
0 0.5640096618357487 0.5013333333333333 0.061996779388083734 0.08
0 0.5466988727858293 0.496 0.050724637681159424 0.064
1 0.535426731078905 0.4826666666666667 0.0426731078904992 0.064
0 0.392914653784219 0.49466666666666664 0.02254428341384863 0.05333333333333334
0 0.3711755233494364 0.492 0.015297906602254429 0.04