0 0.4822866344605475 0.564 0.04750402576489533 0.13066666666666665
0 0.14492753623188406 0.6786666666666666 0.17149758454106281 0.336
0 0.29106280193236717 0.7693333333333333 0.2109500805152979 0.4266666666666667
0 0.36835748792270534 0.6333333333333333 0.09259259259259259 0.25066666666666665
0 0.392512077294686 0.592 0.06763285024154589 0.168
0 0.3140096618357488 0.5813333333333334 0.09420289855072464 0.144
0 0.4416264090177134 0.532 0.02576489533011272 0.06666666666666667
0 0.8409822866344605 0.7693333333333333 0.3164251207729469 0.456
0 0.6888083735909822 0.748 0.20531400966183574 0.416
0 0.6006441223832528 0.6053333333333333 0.0893719806763285 0.23466666666666666
0 0.5261674718196457 0.5413333333333333 0.03542673107890499 0.088
2 0.5221417069243156 0.48133333333333334 0.043478260869565216 0.168
0 0.20813204508856684 0.5413333333333333 0.06521739130434782 0.088
0 0.47705314009661837 0.5373333333333333 0.029790660225442835 0.09333333333333334
0 0.08816425120772947 0.572 0.10466988727858294 0.13066666666666665