0 0.3194444444444444 0.6337837837837837 0.14624183006535948 0.3027027027027027
5 0.9714052287581699 0.46216216216216216 0.05555555555555555 0.24594594594594596
5 0.8933823529411765 0.4594594594594595 0.06862745098039216 0.1891891891891892
3 0.4824346405228758 0.5202702702702703 0.027777777777777776 0.1972972972972973
5 0.6907679738562091 0.46756756756756757 0.03758169934640523 0.11351351351351352
3 0.3374183006535948 0.5337837837837838 0.02369281045751634 0.22432432432432434
5 0.7238562091503268 0.4689189189189189 0.02369281045751634 0.12972972972972974
3 0.16462418300653595 0.5621621621621622 0.029411764705882353 0.16486486486486487
3 0.14869281045751634 0.5702702702702702 0.025326797385620915 0.15945945945945947
5 0.2679738562091503 0.5581081081081081 0.06944444444444445 0.20810810810810812
3 0.18137254901960784 0.5621621621621622 0.025326797385620915 0.16756756756756758
3 0.15318627450980393 0.5702702702702702 0.03349673202614379 0.20810810810810812
3 0.25857843137254904 0.5445945945945946 0.018790849673202614 0.20540540540540542
0 0.9742647058823529 0.42027027027027025 0.049836601307189546 0.11351351351351352
0 0.9121732026143791 0.45135135135135135 0.1111111111111111 0.0972972972972973