3 0.47778675282714056 0.5574866310160428 0.025848142164781908 0.23529411764705882
3 0.5391760904684976 0.5414438502673797 0.030694668820678513 0.24331550802139038
3 0.2710016155088853 0.5494652406417112 0.024232633279483037 0.21390374331550802
3 0.5105008077544426 0.5601604278074866 0.025040387722132473 0.23796791443850268
3 0.6470113085621971 0.6403743315508021 0.08562197092084006 0.516042780748663
3 0.968497576736672 0.5922459893048129 0.06058158319870759 0.4679144385026738
3 0.5791599353796446 0.5467914438502673 0.023424878836833602 0.2647058823529412
3 0.7298061389337641 0.6256684491978609 0.05977382875605816 0.4144385026737968
0 0.3739903069466882 0.570855614973262 0.1260096930533118 0.2994652406417112
0 0.3420840064620355 0.5133689839572193 0.0815831987075929 0.2192513368983957
1 0.3743941841680129 0.5 0.050080775444264945 0.16042780748663102