0 0.500402576489533 0.5186666666666667 0.04911433172302738 0.13066666666666665
0 0.26851851851851855 0.6173333333333333 0.1956521739130435 0.304
0 0.3470209339774557 0.5293333333333333 0.09742351046698873 0.16533333333333333
0 0.37359098228663445 0.516 0.09339774557165861 0.13866666666666666
0 0.40217391304347827 0.49333333333333335 0.07407407407407407 0.096
1 0.4363929146537842 0.4493333333333333 0.061191626409017714 0.10666666666666667
0 0.8603059581320451 0.748 0.2777777777777778 0.49866666666666665
0 0.7049114331723028 0.6146666666666667 0.1497584541062802 0.272
0 0.6396940418679549 0.5293333333333333 0.0966183574879227 0.22133333333333333
3 0.5684380032206119 0.492 0.015297906602254429 0.10666666666666667
0 0.6847826086956522 0.49066666666666664 0.09500805152979067 0.12
0 0.05032206119162641 0.6293333333333333 0.10064412238325282 0.32
0 0.14492753623188406 0.564 0.16264090177133655 0.224
0 0.4967793880837359 0.4786666666666667 0.028985507246376812 0.088
0 0.22423510466988728 0.5266666666666666 0.09500805152979067 0.17066666666666666
0 0.2741545893719807 0.5053333333333333 0.07809983896940419 0.13333333333333333
1 0.8007246376811594 0.4653333333333333 0.14412238325281804 0.17866666666666667