0 0.9468954248366013 0.5675675675675675 0.10457516339869281 0.13783783783783785
0 0.8941993464052288 0.5635135135135135 0.10212418300653595 0.13243243243243244
0 0.8259803921568627 0.5621621621621622 0.09477124183006536 0.14324324324324325
0 0.5061274509803921 0.5067567567567568 0.027777777777777776 0.08108108108108109
3 0.16380718954248366 0.4756756756756757 0.013071895424836602 0.12702702702702703
3 0.24142156862745098 0.4972972972972973 0.0196078431372549 0.14864864864864866
5 0.4562908496732026 0.5013513513513513 0.027777777777777776 0.15675675675675677
3 0.21323529411764705 0.47702702702702704 0.013071895424836602 0.12162162162162163
3 0.3112745098039216 0.5567567567567567 0.03349673202614379 0.2594594594594595
3 0.3374183006535948 0.5513513513513514 0.027777777777777776 0.24864864864864866
3 0.3660130718954248 0.5621621621621622 0.056372549019607844 0.2702702702702703
3 0.502859477124183 0.6013513513513513 0.049836601307189546 0.36486486486486486
3 0.5404411764705882 0.5864864864864865 0.04330065359477124 0.31891891891891894
3 0.36437908496732024 0.6013513513513513 0.03839869281045752 0.34054054054054056
3 0.3991013071895425 0.5864864864864865 0.05228758169934641 0.32432432432432434
3 0.43014705882352944 0.5851351351351352 0.03594771241830065 0.2810810810810811
3 0.31495098039215685 0.5675675675675675 0.029411764705882353 0.28378378378378377