0 0.15257648953301128 0.756 0.30515297906602257 0.4826666666666667
0 0.927938808373591 0.5546666666666666 0.14251207729468598 0.28
0 0.8361513687600645 0.5333333333333333 0.11835748792270531 0.22666666666666666
0 0.7894524959742351 0.52 0.11191626409017713 0.18133333333333335
0 0.751610305958132 0.5106666666666667 0.10547504025764895 0.16266666666666665
0 0.7254428341384863 0.516 0.10305958132045089 0.13066666666666665
0 0.6312399355877617 0.5986666666666667 0.11030595813204509 0.272
0 0.5913848631239935 0.5613333333333334 0.06521739130434782 0.15466666666666667
0 0.3747987117552335 0.5693333333333334 0.08776167471819646 0.19466666666666665
1 0.40901771336553944 0.5253333333333333 0.06602254428341385 0.18133333333333335
0 0.6396940418679549 0.484 0.07407407407407407 0.10666666666666667
0 0.4420289855072464 0.52 0.036231884057971016 0.096
0 0.4492753623188406 0.5 0.050724637681159424 0.06133333333333333
2 0.5213365539452496 0.4493333333333333 0.04911433172302738 0.168