3 0.8941993464052288 0.6986486486486486 0.09558823529411764 0.5972972972972973
3 0.6919934640522876 0.5932432432432433 0.042483660130718956 0.4027027027027027
3 0.7075163398692811 0.5891891891891892 0.03758169934640523 0.3891891891891892
3 0.5404411764705882 0.4648648648648649 0.01715686274509804 0.16486486486486487
3 0.2455065359477124 0.5378378378378378 0.032679738562091505 0.327027027027027
3 0.41094771241830064 0.5013513513513513 0.017973856209150325 0.17297297297297298
3 0.43137254901960786 0.4972972972972973 0.0196078431372549 0.1864864864864865
3 0.8954248366013072 0.65 0.07516339869281045 0.4837837837837838
3 0.372140522875817 0.49324324324324326 0.02042483660130719 0.21351351351351353
3 0.35049019607843135 0.4756756756756757 0.021241830065359478 0.1918918918918919
3 0.3451797385620915 0.4783783783783784 0.0196078431372549 0.1945945945945946
3 0.5138888888888888 0.4527027027027027 0.012254901960784314 0.14594594594594595
1 0.10947712418300654 0.49864864864864866 0.21895424836601307 0.9972972972972973