3 0.24468954248366012 0.5027027027027027 0.01715686274509804 0.15405405405405406
3 0.32965686274509803 0.4905405405405405 0.013071895424836602 0.10540540540540541
3 0.0661764705882353 0.5364864864864864 0.03758169934640523 0.2756756756756757
3 0.2426470588235294 0.47297297297297297 0.012254901960784314 0.10810810810810811
0 0.4693627450980392 0.4851351351351351 0.0196078431372549 0.04864864864864865
0 0.829248366013072 0.5540540540540541 0.08823529411764706 0.12972972972972974
0 0.8941993464052288 0.5581081081081081 0.0988562091503268 0.12432432432432433
0 0.9477124183006536 0.5594594594594594 0.10294117647058823 0.12702702702702703
3 0.03308823529411765 0.5378378378378378 0.03104575163398693 0.25405405405405407
3 0.26838235294117646 0.4756756756756757 0.011437908496732025 0.11621621621621622
3 0.2536764705882353 0.4797297297297297 0.008986928104575163 0.10270270270270271
3 0.11887254901960784 0.5364864864864864 0.028594771241830064 0.23783783783783785
3 0.0755718954248366 0.5243243243243243 0.025326797385620915 0.24324324324324326
3 0.6017156862745098 0.6391891891891892 0.061274509803921566 0.4
3 0.7532679738562091 0.6013513513513513 0.06454248366013073 0.4081081081081081
5 0.38848039215686275 0.5027027027027027 0.014705882352941176 0.11351351351351352
3 0.05269607843137255 0.527027027027027 0.021241830065359478 0.20810810810810812
3 0.014297385620915032 0.5202702702702703 0.028594771241830064 0.23513513513513515
0 0.5061274509803921 0.5027027027027027 0.029411764705882353 0.07567567567567568
3 0.2295751633986928 0.46756756756756757 0.008169934640522876 0.0945945945945946
3 0.18423202614379086 0.47297297297297297 0.008169934640522876 0.11891891891891893
3 0.926062091503268 0.5297297297297298 0.008986928104575163 0.0972972972972973