0 0.49597423510466987 0.548 0.043478260869565216 0.11733333333333333
0 0.09742351046698873 0.748 0.19484702093397746 0.49866666666666665
0 0.2946859903381642 0.6 0.15136876006441224 0.22933333333333333
0 0.3321256038647343 0.572 0.11513687600644122 0.18933333333333333
0 0.3711755233494364 0.544 0.08454106280193237 0.12266666666666666
1 0.39855072463768115 0.49333333333333335 0.09581320450885668 0.17333333333333334
3 0.6340579710144928 0.584 0.02576489533011272 0.216
0 0.8981481481481481 0.6093333333333333 0.20209339774557167 0.28
1 0.5253623188405797 0.48933333333333334 0.023349436392914653 0.07733333333333334
0 0.49355877616747185 0.52 0.027375201288244767 0.08266666666666667
1 0.4194847020933977 0.5106666666666667 0.07004830917874397 0.10133333333333333
1 0.9871175523349437 0.532 0.024154589371980676 0.3466666666666667
0 0.13325281803542674 0.532 0.10628019323671498 0.144
0 0.2028985507246377 0.528 0.06521739130434782 0.09066666666666667
3 0.2246376811594203 0.5106666666666667 0.011272141706924315 0.10933333333333334
2 0.3252818035426731 0.4826666666666667 0.05233494363929147 0.12