0 0.4963768115942029 0.5386666666666666 0.043478260869565216 0.11733333333333333
0 0.23067632850241546 0.624 0.13848631239935588 0.24533333333333332
0 0.28381642512077293 0.58 0.1280193236714976 0.21066666666666667
0 0.3397745571658615 0.5413333333333333 0.0893719806763285 0.12266666666666666
0 0.4335748792270531 0.5466666666666666 0.0499194847020934 0.12
0 0.3896940418679549 0.5133333333333333 0.071658615136876 0.09333333333333334
0 0.6103059581320451 0.604 0.09178743961352658 0.216
2 0.5821256038647343 0.4533333333333333 0.08695652173913043 0.31466666666666665
3 0.6533816425120773 0.544 0.017713365539452495 0.184
2 0.5189210950080515 0.4573333333333333 0.029790660225442835 0.12533333333333332
0 0.49315619967793883 0.5093333333333333 0.02818035426731079 0.08533333333333333
0 0.2069243156199678 0.528 0.06521739130434782 0.09866666666666667