1 0.1541867954911433 0.49866666666666665 0.3083735909822866 0.9973333333333333
0 0.8011272141706924 0.6773333333333333 0.3961352657004831 0.5333333333333333
1 0.35909822866344604 0.584 0.16022544283413848 0.4266666666666667
3 0.961352657004831 0.5306666666666666 0.02818035426731079 0.2693333333333333
3 0.8655394524959742 0.544 0.03462157809983897 0.304
3 0.6183574879227053 0.512 0.01932367149758454 0.14933333333333335
0 0.5628019323671497 0.5333333333333333 0.04830917874396135 0.13333333333333333
0 0.5454911433172303 0.524 0.04186795491143317 0.12266666666666666
3 0.49114331723027377 0.4786666666666667 0.00644122383252818 0.064
3 0.4971819645732689 0.48133333333333334 0.004830917874396135 0.064
0 0.4533011272141707 0.47733333333333333 0.01610305958132045 0.056