0 0.49315619967793883 0.58 0.07809983896940419 0.24533333333333332
0 0.9251207729468599 0.7173333333333334 0.14814814814814814 0.56
0 0.782608695652174 0.676 0.2109500805152979 0.408
0 0.6956521739130435 0.5866666666666667 0.18518518518518517 0.288
0 0.6614331723027376 0.5613333333333334 0.13043478260869565 0.192
0 0.05837359098228664 0.6186666666666667 0.11674718196457327 0.27466666666666667
0 0.13325281803542674 0.5626666666666666 0.1320450885668277 0.208
1 0.4392109500805153 0.484 0.01932367149758454 0.05333333333333334
3 0.5607890499194848 0.5133333333333333 0.013687600644122383 0.11733333333333333
3 0.013285024154589372 0.5413333333333333 0.017713365539452495 0.20266666666666666
3 0.7479871175523349 0.484 0.008051529790660225 0.10933333333333334
3 0.7451690821256038 0.476 0.004830917874396135 0.08