0 0.03904991948470209 0.7866666666666666 0.07809983896940419 0.42133333333333334
0 0.29549114331723025 0.7133333333333334 0.16586151368760063 0.376
0 0.12037037037037036 0.748 0.24074074074074073 0.416
5 0.8132045088566827 0.7373333333333333 0.17954911433172302 0.4666666666666667
5 0.9061996779388084 0.756 0.1859903381642512 0.4826666666666667
0 0.41626409017713367 0.5706666666666667 0.0499194847020934 0.14133333333333334
0 0.44323671497584544 0.544 0.028985507246376812 0.08533333333333333
1 0.4524959742351047 0.5106666666666667 0.024154589371980676 0.09333333333333334
0 0.5680354267310789 0.548 0.08695652173913043 0.11466666666666667
0 0.5567632850241546 0.5373333333333333 0.07729468599033816 0.09066666666666667
0 0.533011272141707 0.5266666666666666 0.0571658615136876 0.08
1 0.464573268921095 0.5066666666666667 0.017713365539452495 0.058666666666666666
1 0.38003220611916266 0.5866666666666667 0.08856682769726248 0.256