0 0.8780193236714976 0.6546666666666666 0.24235104669887278 0.6853333333333333
0 0.7467793880837359 0.6853333333333333 0.2713365539452496 0.624
0 0.6368760064412239 0.6066666666666667 0.10628019323671498 0.2773333333333333
3 0.571658615136876 0.508 0.01288244766505636 0.13866666666666666
3 0.5793075684380032 0.5093333333333333 0.012077294685990338 0.13333333333333333
0 0.4307568438003221 0.5133333333333333 0.029790660225442835 0.096
3 0.5120772946859904 0.49733333333333335 0.007246376811594203 0.07733333333333334
0 0.3192431561996779 0.5946666666666667 0.0893719806763285 0.19466666666666665
0 0.06360708534621579 0.768 0.12721417069243157 0.45866666666666667
0 0.17310789049919484 0.696 0.21980676328502416 0.4053333333333333
3 0.357890499194847 0.5346666666666666 0.010466988727858293 0.096