0 0.49355877616747185 0.5466666666666666 0.0426731078904992 0.11733333333333333
0 0.16344605475040258 0.7026666666666667 0.1996779388083736 0.4106666666666667
1 0.2725442834138486 0.5453333333333333 0.20531400966183574 0.48533333333333334
0 0.3413848631239936 0.5733333333333334 0.12399355877616747 0.16266666666666665
0 0.42914653784219003 0.496 0.05152979066022544 0.08533333333333333
1 0.5362318840579711 0.48933333333333334 0.033816425120772944 0.10666666666666667
0 0.49033816425120774 0.5186666666666667 0.027375201288244767 0.08266666666666667
1 0.3687600644122383 0.536 0.11835748792270531 0.17866666666666667
0 0.028985507246376812 0.648 0.057971014492753624 0.32
0 0.12600644122383253 0.5906666666666667 0.15861513687600645 0.24
2 0.24838969404186795 0.4653333333333333 0.09017713365539452 0.17866666666666667