0 0.1388888888888889 0.7853333333333333 0.2777777777777778 0.424
0 0.285829307568438 0.7386666666666667 0.214170692431562 0.44266666666666665
0 0.7576489533011272 0.7186666666666667 0.20450885668276972 0.5066666666666667
0 0.3993558776167472 0.5573333333333333 0.06843800322061191 0.19466666666666665
0 0.42028985507246375 0.5493333333333333 0.06924315619967794 0.136
0 0.571256038647343 0.46266666666666667 0.05394524959742351 0.058666666666666666
0 0.7081320450885669 0.612 0.10628019323671498 0.28
0 0.7459742351046699 0.5466666666666666 0.10305958132045089 0.21333333333333335
0 0.6622383252818036 0.5013333333333333 0.107085346215781 0.13333333333333333
0 0.9480676328502415 0.5146666666666667 0.10225442834138486 0.15733333333333333
0 0.8582930756843801 0.4866666666666667 0.08856682769726248 0.09866666666666667