0 0.6952495974235104 0.712 0.19162640901771336 0.3893333333333333
0 0.09098228663446055 0.724 0.1819645732689211 0.43733333333333335
0 0.11473429951690821 0.68 0.22946859903381642 0.32
0 0.178743961352657 0.6306666666666667 0.21578099838969403 0.2613333333333333
0 0.22061191626409019 0.6013333333333334 0.178743961352657 0.21333333333333335
0 0.2580515297906602 0.5733333333333334 0.14814814814814814 0.19466666666666665
0 0.573268921095008 0.572 0.0748792270531401 0.16533333333333333
0 0.3357487922705314 0.5573333333333333 0.11835748792270531 0.13333333333333333
0 0.5466988727858293 0.5306666666666666 0.0426731078904992 0.096
0 0.3385668276972625 0.54 0.09259259259259259 0.12266666666666666
0 0.3502415458937198 0.5226666666666666 0.07568438003220612 0.12533333333333332
0 0.5241545893719807 0.49866666666666665 0.0249597423510467 0.072