0 0.5185185185185185 0.5973333333333334 0.07004830917874397 0.22133333333333333
0 0.6421095008051529 0.5546666666666666 0.11030595813204509 0.17333333333333334
0 0.5889694041867954 0.5333333333333333 0.0644122383252818 0.10666666666666667
0 0.5680354267310789 0.524 0.0571658615136876 0.08
0 0.06964573268921095 0.6653333333333333 0.1392914653784219 0.24266666666666667
0 0.39371980676328505 0.5373333333333333 0.04106280193236715 0.088
0 0.4496779388083736 0.5146666666666667 0.02576489533011272 0.06133333333333333
0 0.47946859903381644 0.5026666666666667 0.018518518518518517 0.04533333333333334
0 0.29589371980676327 0.5586666666666666 0.06521739130434782 0.10666666666666667
0 0.33132045088566825 0.536 0.04428341384863124 0.104
0 0.37681159420289856 0.5226666666666666 0.036231884057971016 0.06933333333333333
0 0.42391304347826086 0.516 0.033816425120772944 0.050666666666666665
0 0.19404186795491143 0.5533333333333333 0.07004830917874397 0.10933333333333334
0 0.18397745571658616 0.536 0.07326892109500806 0.08