0 0.9464869281045751 0.5662162162162162 0.1053921568627451 0.13783783783783785
0 0.8941993464052288 0.5635135135135135 0.10130718954248366 0.13243243243243244
0 0.8259803921568627 0.5621621621621622 0.09477124183006536 0.14324324324324325
0 0.5061274509803921 0.5081081081081081 0.027777777777777776 0.08108108108108109
5 0.5061274509803921 0.5972972972972973 0.07434640522875817 0.31351351351351353
5 0.5555555555555556 0.5716216216216217 0.08169934640522876 0.3
5 0.36968954248366015 0.5243243243243243 0.024509803921568627 0.14054054054054055
3 0.15604575163398693 0.46621621621621623 0.012254901960784314 0.12702702702702703
3 0.04738562091503268 0.5297297297297298 0.03676470588235294 0.27837837837837837
3 0.1875 0.49864864864864866 0.02042483660130719 0.16216216216216217
3 0.16462418300653595 0.4891891891891892 0.018790849673202614 0.16486486486486487
3 0.625 0.6310810810810811 0.051470588235294115 0.45135135135135135
3 0.6540032679738562 0.6162162162162163 0.05065359477124183 0.42162162162162165
3 0.7406045751633987 0.6229729729729729 0.06699346405228758 0.4891891891891892
3 0.7393790849673203 0.668918918918919 0.0727124183006536 0.5513513513513514