0 0.08695652173913043 0.7733333333333333 0.17391304347826086 0.448
0 0.18397745571658616 0.7573333333333333 0.36312399355877617 0.48
0 0.5652173913043478 0.5466666666666666 0.06924315619967794 0.16266666666666665
0 0.82085346215781 0.7533333333333333 0.35668276972624796 0.488
0 0.30193236714975846 0.6586666666666666 0.15217391304347827 0.32266666666666666
3 0.22584541062801933 0.6146666666666667 0.033816425120772944 0.3626666666666667
3 0.2636876006441224 0.584 0.018518518518518517 0.2773333333333333
0 0.4384057971014493 0.5186666666666667 0.033011272141706925 0.09866666666666667
0 0.533011272141707 0.5106666666666667 0.039452495974235106 0.10133333333333333
3 0.2689210950080515 0.6093333333333333 0.020933977455716585 0.2853333333333333
0 0.5148953301127214 0.4866666666666667 0.021739130434782608 0.07466666666666667