0 0.6075745366639806 0.6050531914893617 0.088638195004029 0.20212765957446807
0 0.07373086220789686 0.6555851063829787 0.14746172441579372 0.35106382978723405
0 0.2731668009669621 0.6702127659574468 0.17002417405318293 0.3351063829787234
0 0.3815471394037067 0.5611702127659575 0.0652699435938759 0.15691489361702127
0 0.5459307010475423 0.5345744680851063 0.0410958904109589 0.10106382978723404
0 0.257856567284448 0.5718085106382979 0.0862207896857373 0.15425531914893617
0 0.4089443996776793 0.5412234042553191 0.0443190975020145 0.10638297872340426
0 0.3311845286059629 0.5398936170212766 0.04915390813859791 0.09574468085106383
0 0.3682514101531023 0.5279255319148937 0.03384367445608381 0.07180851063829788
0 0.4371474617244158 0.5159574468085106 0.021756647864625302 0.05319148936170213
1 0.4000805801772764 0.49867021276595747 0.0249798549556809 0.06382978723404255
0 0.48348106365834004 0.5106382978723404 0.019339242546333603 0.061170212765957445
0 0.5128928283642225 0.5093085106382979 0.016116035455278 0.047872340425531915
0 0.5036261079774376 0.5066489361702128 0.014504431909750202 0.0425531914893617
1 0.04633360193392425 0.49069148936170215 0.0926672038678485 0.17819148936170212