0 0.24798711755233493 0.676 0.1610305958132045 0.3333333333333333
0 0.14492753623188406 0.752 0.2898550724637681 0.49066666666666664
0 0.8091787439613527 0.4533333333333333 0.16666666666666666 0.19733333333333333
0 0.8997584541062802 0.44 0.08373590982286634 0.128
1 0.9875201288244766 0.4146666666666667 0.023349436392914653 0.136
0 0.9436392914653784 0.44 0.09500805152979067 0.11466666666666667
0 0.37640901771336555 0.5653333333333334 0.06038647342995169 0.13066666666666665
0 0.33454106280193235 0.592 0.09500805152979067 0.19733333333333333
0 0.5776972624798712 0.5146666666666667 0.04669887278582931 0.10666666666666667
0 0.40096618357487923 0.5466666666666666 0.043478260869565216 0.10933333333333334
0 0.5140901771336553 0.5226666666666666 0.029790660225442835 0.08
0 0.5877616747181964 0.5066666666666667 0.07729468599033816 0.09066666666666667
0 0.5112721417069244 0.4826666666666667 0.033816425120772944 0.042666666666666665