0 0.2459742351046699 0.7453333333333333 0.2037037037037037 0.432
0 0.8776167471819646 0.756 0.2431561996779388 0.4826666666666667
0 0.7105475040257649 0.7293333333333333 0.22383252818035426 0.4746666666666667
0 0.6095008051529791 0.604 0.11352657004830918 0.23466666666666666
0 0.3389694041867955 0.6333333333333333 0.10789049919484701 0.22666666666666666
0 0.3747987117552335 0.58 0.05877616747181964 0.15466666666666667
0 0.3997584541062802 0.56 0.0499194847020934 0.12
0 0.5772946859903382 0.5666666666666667 0.06924315619967794 0.16
0 0.5587761674718197 0.5413333333333333 0.04669887278582931 0.12
0 0.714573268921095 0.4866666666666667 0.08051529790660225 0.12533333333333332
0 0.5213365539452496 0.5093333333333333 0.02818035426731079 0.06666666666666667
0 0.463365539452496 0.504 0.028985507246376812 0.04
5 0.4388083735909823 0.5026666666666667 0.01288244766505636 0.04533333333333334