0 0.08574879227053141 0.7706666666666667 0.17149758454106281 0.4533333333333333
0 0.213768115942029 0.688 0.1932367149758454 0.33866666666666667
0 0.8631239935587761 0.7573333333333333 0.2721417069243156 0.48
0 0.30998389694041867 0.608 0.11352657004830918 0.20266666666666666
0 0.7000805152979066 0.652 0.17391304347826086 0.33866666666666667
0 0.4102254428341385 0.5293333333333333 0.04106280193236715 0.09333333333333334
0 0.6300322061191627 0.588 0.09259259259259259 0.21066666666666667
0 0.6006441223832528 0.552 0.061191626409017714 0.14933333333333335
0 0.5809178743961353 0.536 0.050724637681159424 0.11733333333333333
0 0.4251207729468599 0.52 0.036231884057971016 0.08533333333333333
0 0.573268921095008 0.524 0.03784219001610306 0.096