0 0.04589371980676329 0.76 0.09178743961352658 0.4746666666666667
0 0.13969404186795492 0.6306666666666667 0.23752012882447665 0.28
0 0.21980676328502416 0.608 0.214170692431562 0.23733333333333334
0 0.24798711755233493 0.584 0.17391304347826086 0.2
0 0.7757648953301127 0.7426666666666667 0.27053140096618356 0.5093333333333333
0 0.5825281803542673 0.572 0.06280193236714976 0.144
0 0.3107890499194847 0.5706666666666667 0.12318840579710146 0.168
1 0.33172302737520126 0.5546666666666666 0.10225442834138486 0.168
0 0.35185185185185186 0.5426666666666666 0.08293075684380032 0.13066666666666665
0 0.6320450885668277 0.5386666666666666 0.0893719806763285 0.096
0 0.3808373590982287 0.504 0.07407407407407407 0.128
1 0.5281803542673108 0.488 0.02818035426731079 0.09866666666666667
0 0.4057971014492754 0.516 0.05958132045088567 0.06666666666666667
0 0.4210950080515298 0.504 0.05314009661835749 0.07466666666666667
1 0.5169082125603864 0.484 0.020128824476650563 0.08