0 0.34967320261437906 0.6 0.11356209150326797 0.24324324324324326
5 0.8762254901960784 0.46621621621621623 0.07924836601307189 0.20540540540540542
5 0.7990196078431373 0.4635135135135135 0.05718954248366013 0.16486486486486487
3 0.46078431372549017 0.5175675675675676 0.025326797385620915 0.17027027027027028
5 0.6384803921568627 0.4756756756756757 0.035130718954248366 0.10540540540540541
3 0.3386437908496732 0.5256756756756756 0.018790849673202614 0.1918918918918919
5 0.7030228758169934 0.47162162162162163 0.02287581699346405 0.11891891891891893
3 0.18178104575163398 0.5527027027027027 0.01715686274509804 0.14594594594594595
3 0.17851307189542484 0.5594594594594594 0.02042483660130719 0.14054054054054055
5 0.2647058823529412 0.55 0.06372549019607843 0.1864864864864865
3 0.238562091503268 0.5486486486486486 0.02369281045751634 0.14594594594594595
3 0.21609477124183007 0.5581081081081081 0.02696078431372549 0.1810810810810811
3 0.3055555555555556 0.5256756756756756 0.0196078431372549 0.1810810810810811
0 0.9550653594771242 0.43243243243243246 0.08823529411764706 0.10540540540540541
0 0.8745915032679739 0.4608108108108108 0.10049019607843138 0.0891891891891892