0 0.24235104669887278 0.7693333333333333 0.2391304347826087 0.456
0 0.09581320450885668 0.776 0.19162640901771336 0.44266666666666665
5 0.9351851851851852 0.76 0.1280193236714976 0.4746666666666667
0 0.41545893719806765 0.5813333333333334 0.05475040257648953 0.15733333333333333
0 0.44524959742351045 0.552 0.033011272141706925 0.09866666666666667
1 0.4557165861513688 0.5133333333333333 0.02818035426731079 0.104
0 0.5817230273752013 0.552 0.09500805152979067 0.12266666666666666
0 0.5680354267310789 0.5426666666666666 0.08293075684380032 0.096
0 0.5418679549114331 0.5266666666666666 0.06038647342995169 0.08266666666666667
1 0.4694041867954911 0.5066666666666667 0.018518518518518517 0.064
1 0.3695652173913043 0.604 0.10628019323671498 0.30133333333333334