0 0.4863123993558776 0.5306666666666666 0.04589371980676329 0.12266666666666666
0 0.24436392914653784 0.6413333333333333 0.18760064412238325 0.312
0 0.285426731078905 0.584 0.1537842190016103 0.23466666666666666
0 0.3530595813204509 0.5386666666666666 0.09339774557165861 0.13333333333333333
0 0.38808373590982287 0.5146666666666667 0.07648953301127215 0.10933333333333334
1 0.8152173913043478 0.5693333333333334 0.3679549114331723 0.856
0 0.6598228663446055 0.608 0.12560386473429952 0.248
0 0.5563607085346216 0.5213333333333333 0.039452495974235106 0.09333333333333334
1 0.5289855072463768 0.47333333333333333 0.027375201288244767 0.096
0 0.4887278582930757 0.5026666666666667 0.028985507246376812 0.088
1 0.07648953301127215 0.5493333333333333 0.1529790660225443 0.44266666666666665
0 0.11030595813204509 0.5333333333333333 0.08776167471819646 0.11733333333333333
0 0.22584541062801933 0.5066666666666667 0.06038647342995169 0.08266666666666667