0 0.13083735909822866 0.6853333333333333 0.2616747181964573 0.3893333333333333
0 0.6690821256038647 0.644 0.12640901771336555 0.2853333333333333
0 0.25120772946859904 0.5946666666666667 0.18035426731078905 0.19466666666666665
0 0.32004830917874394 0.5573333333333333 0.11352657004830918 0.144
0 0.34822866344605474 0.5506666666666666 0.11594202898550725 0.13333333333333333
0 0.35466988727858295 0.5426666666666666 0.10225442834138486 0.12266666666666666
0 0.6183574879227053 0.5826666666666667 0.08132045088566828 0.21066666666666667
0 0.5676328502415459 0.5413333333333333 0.039452495974235106 0.096
0 0.38687600644122383 0.5386666666666666 0.07729468599033816 0.10666666666666667
1 0.5366344605475041 0.4866666666666667 0.023349436392914653 0.08266666666666667
0 0.43719806763285024 0.5053333333333333 0.04830917874396135 0.05333333333333334