0 0.06360708534621579 0.796 0.12721417069243157 0.4026666666666667
0 0.17391304347826086 0.6986666666666667 0.19082125603864733 0.31466666666666665
0 0.27375201288244766 0.624 0.10225442834138486 0.20266666666666666
0 0.3305152979066023 0.584 0.071658615136876 0.14133333333333334
0 0.785829307568438 0.48133333333333334 0.15539452495974235 0.18666666666666668
0 0.7451690821256038 0.4706666666666667 0.0998389694041868 0.17066666666666666
0 0.7125603864734299 0.4786666666666667 0.10386473429951691 0.14933333333333335
0 0.9778582930756844 0.4 0.0426731078904992 0.12533333333333332
0 0.6731078904991948 0.4826666666666667 0.09500805152979067 0.12533333333333332
0 0.3747987117552335 0.5533333333333333 0.050724637681159424 0.104
0 0.5692431561996779 0.5306666666666666 0.05314009661835749 0.13066666666666665
0 0.5539452495974235 0.52 0.039452495974235106 0.112