0 0.4786462530217567 0.5132978723404256 0.03384367445608381 0.10106382978723404
0 0.09750201450443191 0.7779255319148937 0.19500402900886382 0.43882978723404253
0 0.08783239323126511 0.6263297872340425 0.17566478646253023 0.2579787234042553
0 0.24818694601128122 0.6223404255319149 0.14826752618855762 0.26595744680851063
1 0.266317485898469 0.5372340425531915 0.08299758259468171 0.1702127659574468
1 0.3855761482675262 0.5013297872340425 0.064464141821112 0.19946808510638298
0 0.3114423851732474 0.5372340425531915 0.048348106365834004 0.09574468085106383
0 0.41498791297340853 0.5026595744680851 0.033037872683319904 0.09042553191489362
0 0.42707493956486703 0.5039893617021277 0.022562449637389202 0.05585106382978723
1 0.43875906526994357 0.47606382978723405 0.021756647864625302 0.0797872340425532
0 0.18372280419016923 0.5545212765957447 0.09427880741337631 0.1356382978723404