3 0.2749183006535948 0.4864864864864865 0.013071895424836602 0.11081081081081082
3 0.35866013071895425 0.4851351351351351 0.006535947712418301 0.08108108108108109
3 0.27124183006535946 0.46621621621621623 0.008169934640522876 0.0891891891891892
0 0.829248366013072 0.5540540540540541 0.08823529411764706 0.12972972972972974
0 0.8941993464052288 0.5581081081081081 0.0988562091503268 0.12432432432432433
0 0.9481209150326797 0.5594594594594594 0.10212418300653595 0.12702702702702703
3 0.2937091503267974 0.4648648648648649 0.00980392156862745 0.0945945945945946
3 0.2937091503267974 0.5594594594594594 0.025326797385620915 0.21891891891891893
3 0.3741830065359477 0.55 0.027777777777777776 0.24324324324324326
5 0.49060457516339867 0.5391891891891892 0.035130718954248366 0.21621621621621623
0 0.5061274509803921 0.5027027027027027 0.029411764705882353 0.07567567567567568
3 0.24836601307189543 0.47702702702702704 0.012254901960784314 0.11351351351351352
3 0.18504901960784315 0.47297297297297297 0.008986928104575163 0.11891891891891893
3 0.7953431372549019 0.5148648648648648 0.00980392156862745 0.1