0 0.49557165861513686 0.5253333333333333 0.036231884057971016 0.112
0 0.9066022544283414 0.708 0.18518518518518517 0.5786666666666667
0 0.7773752012882448 0.6893333333333334 0.22946859903381642 0.44266666666666665
0 0.6996779388083736 0.596 0.1723027375201288 0.312
0 0.6618357487922706 0.5733333333333334 0.12318840579710146 0.208
0 0.6300322061191627 0.5466666666666666 0.11594202898550725 0.15733333333333333
0 0.42391304347826086 0.5 0.020128824476650563 0.042666666666666665
0 0.3643317230273752 0.54 0.04508856682769726 0.096
0 0.5797101449275363 0.5133333333333333 0.07729468599033816 0.10133333333333333
0 0.5567632850241546 0.5026666666666667 0.061191626409017714 0.07733333333333334
1 0.5394524959742351 0.48533333333333334 0.04830917874396135 0.07466666666666667
0 0.3780193236714976 0.5 0.026570048309178744 0.058666666666666666
0 0.355877616747182 0.496 0.017713365539452495 0.04533333333333334