0 0.4375503626107977 0.5106382978723404 0.017727639000805803 0.047872340425531915
0 0.5072522159548751 0.5784574468085106 0.07735697018533441 0.19946808510638298
0 0.12530217566478646 0.6914893617021277 0.20467365028203063 0.3351063829787234
1 0.07977437550362611 0.5771276595744681 0.15954875100725222 0.2712765957446808
0 0.25141015310233683 0.5997340425531915 0.09750201450443191 0.18882978723404256
0 0.40975020145044316 0.5438829787234043 0.040290088638195005 0.125
0 0.2961321514907333 0.5531914893617021 0.06124093473005641 0.12234042553191489
0 0.2191780821917808 0.5518617021276596 0.072522159548751 0.1196808510638298
0 0.33601933924254634 0.5279255319148937 0.0346494762288477 0.0797872340425532
1 0.2558420628525383 0.5146276595744681 0.053988718775181306 0.11702127659574468
0 0.3477034649476229 0.5186170212765957 0.0265914585012087 0.06382978723404255
1 0.3662369057211926 0.4933510638297872 0.021756647864625302 0.0851063829787234