0 0.6880032206119162 0.6426666666666667 0.15942028985507245 0.3413333333333333
0 0.40901771336553944 0.5466666666666666 0.0644122383252818 0.20533333333333334
4 0.6211755233494364 0.6453333333333333 0.0426731078904992 0.296
0 0.25966183574879226 0.7493333333333333 0.1956521739130435 0.448
0 0.07930756843800323 0.7946666666666666 0.15861513687600645 0.4053333333333333
0 0.5825281803542673 0.5533333333333333 0.05555555555555555 0.12533333333333332
0 0.6167471819645732 0.576 0.07648953301127215 0.17866666666666667
0 0.4577294685990338 0.504 0.02576489533011272 0.07466666666666667
0 0.57085346215781 0.532 0.040257648953301126 0.10666666666666667
0 0.5591787439613527 0.52 0.0322061191626409 0.08533333333333333
0 0.5495169082125604 0.5133333333333333 0.02818035426731079 0.07466666666666667