5 0.9477124183006536 0.5216216216216216 0.09803921568627451 0.28378378378378377
3 0.8080065359477124 0.48783783783783785 0.0196078431372549 0.17567567567567569
3 0.0951797385620915 0.6513513513513514 0.190359477124183 0.6918918918918919
3 0.061274509803921566 0.6270270270270271 0.12254901960784313 0.7405405405405405
3 0.6021241830065359 0.5567567567567567 0.031862745098039214 0.25135135135135134
5 0.7361111111111112 0.5216216216216216 0.0718954248366013 0.21621621621621623
5 0.9648692810457516 0.4972972972972973 0.06862745098039216 0.22702702702702704
3 0.8647875816993464 0.5432432432432432 0.03594771241830065 0.31891891891891894
3 0.8856209150326797 0.5418918918918919 0.03676470588235294 0.3837837837837838
3 0.8733660130718954 0.5594594594594594 0.026143790849673203 0.3027027027027027
1 0.49060457516339867 0.46216216216216216 0.015522875816993464 0.05945945945945946