0 0.0535426731078905 0.7893333333333333 0.107085346215781 0.416
0 0.6034621578099839 0.5893333333333334 0.09581320450885668 0.22933333333333333
0 0.16908212560386474 0.5813333333333334 0.1537842190016103 0.184
0 0.7632850241545893 0.7466666666666667 0.24798711755233493 0.5013333333333333
0 0.572061191626409 0.5466666666666666 0.057971014492753624 0.15733333333333333
0 0.3663446054750403 0.56 0.06521739130434782 0.14666666666666667
0 0.392512077294686 0.5306666666666666 0.04911433172302738 0.13333333333333333
0 0.5458937198067633 0.5226666666666666 0.040257648953301126 0.10666666666666667
0 0.8792270531400966 0.7653333333333333 0.23993558776167473 0.464
0 0.4142512077294686 0.5293333333333333 0.03784219001610306 0.10666666666666667
1 0.5309983896940419 0.4666666666666667 0.03864734299516908 0.136
0 0.4396135265700483 0.5026666666666667 0.018518518518518517 0.04