0 0.5080515297906603 0.584 0.0644122383252818 0.176
0 0.214170692431562 0.5626666666666666 0.0861513687600644 0.14133333333333334
5 0.7431561996779388 0.5706666666666667 0.09420289855072464 0.224
1 0.5764895330112721 0.5213333333333333 0.05958132045088567 0.19466666666666665
3 0.37922705314009664 0.5666666666666667 0.020128824476650563 0.21866666666666668
1 0.3007246376811594 0.5213333333333333 0.04830917874396135 0.10133333333333333
0 0.37922705314009664 0.5453333333333333 0.08132045088566828 0.13066666666666665
0 0.4025764895330113 0.5346666666666666 0.0748792270531401 0.09066666666666667
0 0.4223027375201288 0.5266666666666666 0.05475040257648953 0.07733333333333334
0 0.4416264090177134 0.5093333333333333 0.040257648953301126 0.05333333333333334
0 0.48429951690821255 0.5373333333333333 0.03542673107890499 0.10666666666666667
0 0.29508856682769724 0.512 0.04508856682769726 0.06666666666666667