0 0.49557165861513686 0.5253333333333333 0.036231884057971016 0.112
0 0.964975845410628 0.7066666666666667 0.06843800322061191 0.5813333333333334
0 0.8152173913043478 0.7346666666666667 0.2536231884057971 0.5253333333333333
0 0.7198067632850241 0.6133333333333333 0.18760064412238325 0.3466666666666667
0 0.6739130434782609 0.5826666666666667 0.13123993558776167 0.224
0 0.6380837359098228 0.5533333333333333 0.1215780998389694 0.168
0 0.4210950080515298 0.5 0.020933977455716585 0.04533333333333334
0 0.3538647342995169 0.5453333333333333 0.0499194847020934 0.10666666666666667
0 0.5821256038647343 0.516 0.07971014492753623 0.10666666666666667
0 0.5583735909822867 0.5053333333333333 0.06280193236714976 0.08
1 0.5398550724637681 0.48533333333333334 0.04911433172302738 0.07466666666666667
0 0.3756038647342995 0.5 0.027375201288244767 0.06133333333333333
0 0.3530595813204509 0.49733333333333335 0.017713365539452495 0.04533333333333334