0 0.4943639291465378 0.548 0.04508856682769726 0.12266666666666666
0 0.07809983896940419 0.692 0.15619967793880837 0.6106666666666667
0 0.17431561996779388 0.688 0.19887278582930756 0.5466666666666666
0 0.3071658615136876 0.5906666666666667 0.12721417069243157 0.20533333333333334
0 0.3506441223832528 0.552 0.11191626409017713 0.20266666666666666
0 0.3852657004830918 0.5493333333333333 0.08856682769726248 0.11466666666666667
0 0.42310789049919484 0.512 0.050724637681159424 0.06933333333333333
1 0.5881642512077294 0.5226666666666666 0.08373590982286634 0.24
0 0.535829307568438 0.5146666666666667 0.02254428341384863 0.06133333333333333
0 0.4883252818035427 0.5186666666666667 0.02818035426731079 0.08266666666666667
1 0.2894524959742351 0.528 0.07085346215780998 0.17066666666666666