0 0.11272141706924316 0.7 0.22544283413848631 0.4746666666666667
1 0.15096618357487923 0.47733333333333333 0.30193236714975846 0.6506666666666666
0 0.8200483091787439 0.7586666666666667 0.35829307568438 0.47733333333333333
0 0.8623188405797102 0.652 0.2391304347826087 0.29333333333333333
0 0.7415458937198067 0.5973333333333334 0.20450885668276972 0.21066666666666667
0 0.2717391304347826 0.5573333333333333 0.16264090177133655 0.18933333333333333
0 0.5241545893719807 0.5106666666666667 0.02254428341384863 0.056
0 0.4078099838969404 0.5026666666666667 0.061191626409017714 0.07466666666666667
0 0.5938003220611916 0.5213333333333333 0.07085346215780998 0.088
0 0.357487922705314 0.5386666666666666 0.10225442834138486 0.12533333333333332
0 0.31521739130434784 0.5453333333333333 0.1360708534621578 0.16266666666666665
0 0.6477455716586151 0.5453333333333333 0.09339774557165861 0.128
0 0.6666666666666666 0.5546666666666666 0.10386473429951691 0.128