0 0.4637389202256245 0.511968085106383 0.017727639000805803 0.047872340425531915
0 0.08340048348106366 0.7539893617021277 0.16680096696212732 0.4867021276595745
0 0.565269943593876 0.6050531914893617 0.10233682514101532 0.24468085106382978
0 0.250201450443191 0.6223404255319149 0.11925866236905722 0.22340425531914893
1 0.15995165189363417 0.5611702127659575 0.13456889605157132 0.22340425531914893
0 0.3178887993553586 0.574468085106383 0.0692989524576954 0.14627659574468085
0 0.4395648670427075 0.538563829787234 0.037066881547139406 0.11436170212765957
0 0.3416599516518936 0.5425531914893617 0.048348106365834004 0.10638297872340426
0 0.2655116841257051 0.5452127659574468 0.06124093473005641 0.10904255319148937
0 0.37026591458501207 0.526595744680851 0.029008863819500404 0.07180851063829788
1 0.29653505237711525 0.5146276595744681 0.04593070104754231 0.10638297872340426
0 0.3799355358581789 0.5159574468085106 0.023368251410153102 0.05851063829787234
1 0.39323126510878326 0.4933510638297872 0.018533440773569703 0.0797872340425532