0 0.49476650563607083 0.5253333333333333 0.03784219001610306 0.11733333333333333
0 0.9162640901771336 0.7306666666666667 0.16586151368760063 0.5333333333333333
0 0.787842190016103 0.668 0.22061191626409019 0.392
0 0.38164251207729466 0.524 0.036231884057971016 0.072
0 0.07447665056360708 0.7573333333333333 0.14895330112721417 0.432
0 0.6223832528180354 0.536 0.11191626409017713 0.16
0 0.5793075684380032 0.52 0.08293075684380032 0.10933333333333334
1 0.5487117552334944 0.49066666666666664 0.06038647342995169 0.09333333333333334
0 0.35185185185185186 0.5053333333333333 0.03542673107890499 0.072
0 0.3687600644122383 0.49733333333333335 0.02818035426731079 0.06133333333333333
0 0.4086151368760064 0.492 0.01932367149758454 0.037333333333333336
0 0.3280998389694042 0.5 0.02254428341384863 0.05333333333333334