0 0.9464869281045751 0.5662162162162162 0.1053921568627451 0.13783783783783785
0 0.8941993464052288 0.5635135135135135 0.10212418300653595 0.13243243243243244
0 0.8259803921568627 0.5621621621621622 0.09477124183006536 0.14324324324324325
0 0.5061274509803921 0.5081081081081081 0.027777777777777776 0.08108108108108109
5 0.3954248366013072 0.527027027027027 0.03022875816993464 0.15405405405405406
5 0.41625816993464054 0.49594594594594593 0.013071895424836602 0.08108108108108109
3 0.1613562091503268 0.46621621621621623 0.013888888888888888 0.12702702702702703
3 0.16380718954248366 0.5121621621621621 0.027777777777777776 0.20270270270270271
5 0.7201797385620915 0.5864864864864865 0.09640522875816994 0.41621621621621624
3 0.21405228758169934 0.48783783783783785 0.015522875816993464 0.14054054054054055
3 0.18790849673202614 0.48243243243243245 0.0196078431372549 0.14324324324324325
3 0.4583333333333333 0.6 0.04493464052287582 0.34054054054054056
3 0.49019607843137253 0.5743243243243243 0.04411764705882353 0.32432432432432434
3 0.5363562091503268 0.5891891891891892 0.042483660130718956 0.37027027027027026
3 0.8602941176470589 0.677027027027027 0.10294117647058823 0.581081081081081
3 0.8745915032679739 0.6594594594594595 0.09722222222222222 0.5081081081081081
3 0.6605392156862745 0.6662162162162162 0.08823529411764706 0.5459459459459459
3 0.6899509803921569 0.6554054054054054 0.05555555555555555 0.5027027027027027
3 0.6993464052287581 0.6418918918918919 0.049019607843137254 0.4243243243243243
3 0.5077614379084967 0.6162162162162163 0.05800653594771242 0.4