3 0.5795638126009693 0.6082887700534759 0.029079159935379646 0.3048128342245989
3 0.3675282714054927 0.5721925133689839 0.03231017770597738 0.22727272727272727
3 0.3344103392568659 0.5721925133689839 0.01938610662358643 0.21390374331550802
3 0.6708400646203554 0.553475935828877 0.021809369951534735 0.21390374331550802
3 0.6498384491114702 0.5494652406417112 0.0210016155088853 0.20855614973262032
3 0.5359450726978998 0.5467914438502673 0.020193861066235864 0.18181818181818182
3 0.5989499192245558 0.6082887700534759 0.022617124394184167 0.2807486631016043
3 0.5654281098546042 0.5842245989304813 0.034733441033925685 0.22459893048128343
3 0.6276252019386107 0.553475935828877 0.023424878836833602 0.22459893048128343
3 0.6369143780290791 0.5320855614973262 0.017770597738287562 0.18983957219251338
0 0.46849757673667203 0.5213903743315508 0.034733441033925685 0.08823529411764706
3 0.036348949919224556 0.6483957219251337 0.046849757673667204 0.3449197860962567