0 0.5064412238325282 0.5586666666666666 0.05394524959742351 0.168
0 0.7697262479871175 0.656 0.178743961352657 0.384
0 0.6457326892109501 0.5693333333333334 0.12399355877616747 0.192
0 0.1107085346215781 0.6746666666666666 0.2214170692431562 0.37333333333333335
0 0.0889694041867955 0.604 0.16183574879227053 0.2613333333333333
0 0.3675523349436393 0.5453333333333333 0.06602254428341385 0.11466666666666667
0 0.46618357487922707 0.49733333333333335 0.027375201288244767 0.06933333333333333
0 0.2673107890499195 0.5493333333333333 0.08293075684380032 0.128
0 0.37278582930756843 0.524 0.05152979066022544 0.07733333333333334
0 0.5491143317230274 0.488 0.020128824476650563 0.04533333333333334
0 0.16183574879227053 0.556 0.10386473429951691 0.128