0 0.49557165861513686 0.528 0.033816425120772944 0.10666666666666667
0 0.07326892109500806 0.6253333333333333 0.14653784219001612 0.22133333333333333
0 0.1819645732689211 0.5746666666666667 0.11594202898550725 0.17066666666666666
0 0.6549919484702094 0.564 0.11916264090177134 0.20533333333333334
0 0.6352657004830918 0.5493333333333333 0.11030595813204509 0.16533333333333333
0 0.5974235104669887 0.5426666666666666 0.09420289855072464 0.13066666666666665
0 0.5813204508856683 0.5306666666666666 0.08051529790660225 0.12533333333333332
0 0.5772946859903382 0.5186666666666667 0.07407407407407407 0.10133333333333333
0 0.5656199677938808 0.5146666666666667 0.06682769726247988 0.09866666666666667
0 0.4416264090177134 0.49866666666666665 0.014492753623188406 0.034666666666666665
1 0.5277777777777778 0.4866666666666667 0.03542673107890499 0.050666666666666665
0 0.41223832528180354 0.49733333333333335 0.017713365539452495 0.042666666666666665