0 0.8345410628019324 0.732 0.32930756843800324 0.5306666666666666
0 0.07206119162640902 0.7426666666666667 0.14412238325281804 0.5093333333333333
0 0.08977455716586151 0.6586666666666666 0.17954911433172302 0.49066666666666664
0 0.13123993558776167 0.6386666666666667 0.22624798711755234 0.27466666666666667
0 0.2431561996779388 0.608 0.17632850241545894 0.216
0 0.2898550724637681 0.584 0.15136876006441224 0.19733333333333333
0 0.30434782608695654 0.5693333333333334 0.1143317230273752 0.184
0 0.32045088566827695 0.5493333333333333 0.13526570048309178 0.16266666666666665
0 0.3502415458937198 0.5346666666666666 0.09259259259259259 0.12
0 0.38405797101449274 0.5013333333333333 0.07729468599033816 0.11733333333333333
5 0.463768115942029 0.5 0.007246376811594203 0.058666666666666666
0 0.5841384863123994 0.5733333333333334 0.06360708534621579 0.16266666666666665
0 0.6517713365539453 0.532 0.10789049919484701 0.144
0 0.5861513687600645 0.5 0.061996779388083734 0.09066666666666667
0 0.5225442834138486 0.5 0.021739130434782608 0.056