0 0.7910628019323671 0.7493333333333333 0.3276972624798712 0.496
0 0.5970209339774557 0.5666666666666667 0.08293075684380032 0.22666666666666666
0 0.23550724637681159 0.5773333333333334 0.1972624798711755 0.22666666666666666
0 0.27898550724637683 0.5546666666666666 0.1497584541062802 0.19466666666666665
0 0.28502415458937197 0.5293333333333333 0.11916264090177134 0.208
0 0.3498389694041868 0.524 0.09259259259259259 0.11733333333333333
0 0.3687600644122383 0.5226666666666666 0.0861513687600644 0.11466666666666667
0 0.3679549114331723 0.5093333333333333 0.06924315619967794 0.11466666666666667
0 0.4029790660225443 0.47733333333333333 0.057971014492753624 0.09066666666666667
5 0.4673913043478261 0.47733333333333333 0.004830917874396135 0.04533333333333334
0 0.5454911433172303 0.52 0.03784219001610306 0.09866666666666667
0 0.5128824476650563 0.48 0.017713365539452495 0.04533333333333334