0 0.5100644122383253 0.5813333333333334 0.0644122383252818 0.176
0 0.22946859903381642 0.552 0.07971014492753623 0.13066666666666665
5 0.7230273752012882 0.56 0.08454106280193237 0.20533333333333334
1 0.571658615136876 0.512 0.05475040257648953 0.18133333333333335
3 0.3896940418679549 0.548 0.015297906602254429 0.2
1 0.31280193236714976 0.5146666666666667 0.04508856682769726 0.09333333333333334
0 0.3852657004830918 0.5346666666666666 0.07648953301127215 0.12266666666666666
0 0.40700483091787437 0.528 0.07246376811594203 0.08533333333333333
0 0.4255233494363929 0.52 0.05314009661835749 0.07466666666666667
0 0.44323671497584544 0.504 0.039452495974235106 0.050666666666666665
0 0.48470209339774556 0.54 0.03542673107890499 0.10666666666666667
0 0.3007246376811594 0.5066666666666667 0.0426731078904992 0.06666666666666667