0 0.49879227053140096 0.5346666666666666 0.0426731078904992 0.13333333333333333
0 0.09178743961352658 0.7453333333333333 0.18357487922705315 0.3973333333333333
0 0.8599033816425121 0.72 0.2673107890499195 0.5546666666666666
0 0.6658615136876006 0.58 0.14814814814814814 0.22933333333333333
0 0.6409017713365539 0.552 0.11594202898550725 0.17866666666666667
0 0.6231884057971014 0.528 0.09420289855072464 0.15733333333333333
1 0.5805152979066023 0.5026666666666667 0.08454106280193237 0.13866666666666666
0 0.5619967793880838 0.5093333333333333 0.06360708534621579 0.08533333333333333
0 0.5414653784219001 0.49466666666666664 0.0426731078904992 0.058666666666666666
0 0.3055555555555556 0.5213333333333333 0.05394524959742351 0.10133333333333333
1 0.42632850241545894 0.4746666666666667 0.0322061191626409 0.096
0 0.3365539452495974 0.5213333333333333 0.040257648953301126 0.08266666666666667
0 0.3611111111111111 0.5186666666666667 0.03140096618357488 0.058666666666666666
0 0.3977455716586151 0.5 0.02576489533011272 0.04533333333333334
0 0.28462157809983896 0.516 0.033011272141706925 0.06933333333333333
0 0.05314009661835749 0.5253333333333333 0.03542673107890499 0.08266666666666667