0 0.49516908212560384 0.544 0.04669887278582931 0.12533333333333332
0 0.1288244766505636 0.756 0.2576489533011272 0.4826666666666667
0 0.2922705314009662 0.5946666666666667 0.1288244766505636 0.232
0 0.3353462157809984 0.5666666666666667 0.11674718196457327 0.184
0 0.3820450885668277 0.532 0.08856682769726248 0.11733333333333333
1 0.4219001610305958 0.48533333333333334 0.06843800322061191 0.12
0 0.8482286634460547 0.756 0.30193236714975846 0.4826666666666667
0 0.6976650563607085 0.6106666666666667 0.1529790660225443 0.3253333333333333
3 0.5748792270531401 0.5333333333333333 0.015297906602254429 0.128
0 0.7181964573268921 0.5346666666666666 0.1143317230273752 0.144
0 0.04911433172302738 0.64 0.09822866344605476 0.312
0 0.49114331723027377 0.5106666666666667 0.02818035426731079 0.08533333333333333
0 0.11876006441223833 0.5813333333333334 0.15539452495974235 0.24
0 0.21859903381642512 0.5533333333333333 0.10064412238325282 0.168
1 0.8518518518518519 0.508 0.17552334943639292 0.21333333333333335
0 0.24798711755233493 0.5066666666666667 0.05877616747181964 0.096