0 0.33172302737520126 0.688 0.15136876006441224 0.37866666666666665
0 0.8913043478260869 0.82 0.21578099838969403 0.3546666666666667
0 0.6859903381642513 0.7453333333333333 0.18679549114331723 0.4693333333333333
0 0.5917874396135265 0.6453333333333333 0.09822866344605476 0.25866666666666666
0 0.38446054750402575 0.612 0.07648953301127215 0.21866666666666668
0 0.40499194847020936 0.5853333333333334 0.05958132045088567 0.152
0 0.5599838969404187 0.58 0.06280193236714976 0.16266666666666665
0 0.5366344605475041 0.568 0.04669887278582931 0.12533333333333332
0 0.43760064412238325 0.5453333333333333 0.0322061191626409 0.09066666666666667
0 0.4496779388083736 0.5226666666666666 0.02818035426731079 0.09333333333333334
0 0.46256038647342995 0.5253333333333333 0.02576489533011272 0.08