3 0.02938808373590982 0.736 0.040257648953301126 0.4746666666666667
0 0.8409822866344605 0.7466666666666667 0.3164251207729469 0.5013333333333333
0 0.25 0.74 0.20772946859903382 0.44266666666666665
0 0.3272946859903382 0.656 0.12238325281803543 0.22133333333333333
0 0.6207729468599034 0.612 0.11594202898550725 0.25066666666666665
0 0.40499194847020936 0.5386666666666666 0.04750402576489533 0.11733333333333333
0 0.5531400966183575 0.536 0.04428341384863124 0.11733333333333333
1 0.4142512077294686 0.508 0.04106280193236715 0.136
0 0.5410628019323671 0.5266666666666666 0.040257648953301126 0.09866666666666667
1 0.32085346215780997 0.48133333333333334 0.10789049919484701 0.13333333333333333
1 0.49315619967793883 0.4826666666666667 0.018518518518518517 0.064
1 0.6159420289855072 0.4693333333333333 0.07326892109500806 0.096