0 0.1537842190016103 0.7586666666666667 0.3075684380032206 0.47733333333333333
0 0.8357487922705314 0.744 0.32689210950080516 0.5066666666666667
1 0.2966988727858293 0.596 0.15942028985507245 0.4186666666666667
0 0.6739130434782609 0.6493333333333333 0.16747181964573268 0.328
0 0.6175523349436393 0.5626666666666666 0.06521739130434782 0.18133333333333335
1 0.15901771336553946 0.5 0.23027375201288244 0.272
0 0.6332528180354268 0.5173333333333333 0.07085346215780998 0.168
1 0.5048309178743962 0.4826666666666667 0.027375201288244767 0.096
1 0.6976650563607085 0.46 0.11835748792270531 0.14933333333333335
0 0.4078099838969404 0.5053333333333333 0.03140096618357488 0.072
0 0.3663446054750403 0.49333333333333335 0.03864734299516908 0.09866666666666667