3 0.5367647058823529 0.4689189189189189 0.015522875816993464 0.16216216216216217
3 0.24428104575163398 0.5364864864864864 0.029411764705882353 0.327027027027027
3 0.5187908496732027 0.6324324324324324 0.03676470588235294 0.34864864864864864
3 0.5612745098039216 0.595945945945946 0.04084967320261438 0.3675675675675676
3 0.5514705882352942 0.5027027027027027 0.025326797385620915 0.22162162162162163
3 0.4599673202614379 0.5108108108108108 0.026143790849673203 0.26216216216216215
3 0.44812091503267976 0.4918918918918919 0.02369281045751634 0.23783783783783785
3 0.4227941176470588 0.5013513513513513 0.025326797385620915 0.25675675675675674
3 0.4089052287581699 0.5013513513513513 0.024509803921568627 0.2594594594594595
3 0.4918300653594771 0.45 0.013888888888888888 0.14324324324324325
3 0.37745098039215685 0.4783783783783784 0.02042483660130719 0.16756756756756758
3 0.315359477124183 0.4702702702702703 0.01715686274509804 0.16756756756756758
3 0.34558823529411764 0.4689189189189189 0.015522875816993464 0.17027027027027028
1 0.10947712418300654 0.49864864864864866 0.21895424836601307 0.9972972972972973