0 0.5044283413848631 0.5653333333333334 0.05233494363929147 0.16533333333333333
0 0.8663446054750402 0.7186666666666667 0.23993558776167473 0.5573333333333333
0 0.6372785829307569 0.5666666666666667 0.10144927536231885 0.18133333333333335
0 0.5913848631239935 0.5413333333333333 0.08293075684380032 0.12
0 0.2286634460547504 0.624 0.13526570048309178 0.25066666666666665
0 0.3812399355877617 0.5386666666666666 0.05233494363929147 0.10666666666666667
0 0.13848631239935588 0.612 0.14895330112721417 0.192
0 0.23389694041867956 0.5613333333333334 0.08051529790660225 0.16
0 0.44605475040257647 0.512 0.03140096618357488 0.058666666666666666
0 0.3244766505636071 0.5346666666666666 0.05475040257648953 0.09333333333333334
0 0.39331723027375204 0.52 0.0426731078904992 0.06133333333333333
0 0.016908212560386472 0.596 0.033816425120772944 0.17066666666666666
0 0.04146537842190016 0.5506666666666666 0.08293075684380032 0.11733333333333333
0 0.5233494363929146 0.49866666666666665 0.01932367149758454 0.048
0 0.24677938808373592 0.5333333333333333 0.06602254428341385 0.09066666666666667