0 0.13365539452495975 0.732 0.21739130434782608 0.38133333333333336
0 0.355877616747182 0.6226666666666667 0.09581320450885668 0.22933333333333333
0 0.24758454106280192 0.644 0.12640901771336555 0.24266666666666667
5 0.6763285024154589 0.6026666666666667 0.09339774557165861 0.2613333333333333
0 0.9448470209339774 0.5333333333333333 0.10869565217391304 0.2693333333333333
5 0.7069243156199678 0.6226666666666667 0.10225442834138486 0.30666666666666664
0 0.4219001610305958 0.5413333333333333 0.03864734299516908 0.10933333333333334
0 0.4537037037037037 0.5066666666666667 0.013687600644122383 0.042666666666666665
0 0.5471014492753623 0.524 0.07407407407407407 0.096
0 0.5189210950080515 0.5106666666666667 0.050724637681159424 0.06933333333333333
1 0.39855072463768115 0.5506666666666666 0.06280193236714976 0.18666666666666668