0 0.820450885668277 0.7333333333333333 0.34299516908212563 0.528
0 0.09339774557165861 0.7293333333333333 0.18679549114331723 0.49333333333333335
0 0.10466988727858294 0.6386666666666667 0.20933977455716588 0.43733333333333335
0 0.15942028985507245 0.624 0.2037037037037037 0.25066666666666665
0 0.26006441223832527 0.6 0.16264090177133655 0.20266666666666666
0 0.3007246376811594 0.5773333333333334 0.14170692431561996 0.18666666666666668
0 0.3132045088566828 0.5653333333333334 0.10789049919484701 0.17333333333333334
0 0.3272946859903382 0.544 0.1288244766505636 0.15466666666666667
0 0.355475040257649 0.532 0.08856682769726248 0.11466666666666667
0 0.3860708534621578 0.5053333333333333 0.0748792270531401 0.11466666666666667
5 0.464573268921095 0.5013333333333333 0.00644122383252818 0.056
0 0.5785024154589372 0.568 0.05958132045088567 0.15466666666666667
0 0.645330112721417 0.528 0.10305958132045089 0.13866666666666666
0 0.5833333333333334 0.5013333333333333 0.06038647342995169 0.088
0 0.5213365539452496 0.5026666666666667 0.021739130434782608 0.05333333333333334