3 0.6102584814216478 0.6470588235294118 0.048465266558966075 0.446524064171123
3 0.6821486268174475 0.6203208556149733 0.050080775444264945 0.44385026737967914
3 0.21365105008077545 0.5989304812834224 0.04038772213247173 0.3155080213903743
3 0.5181744749596123 0.5414438502673797 0.018578352180936994 0.20320855614973263
3 0.6449919224555735 0.5668449197860963 0.03796445880452343 0.3048128342245989
3 0.9301292407108239 0.6283422459893048 0.09935379644588045 0.5133689839572193
3 0.9115508885298869 0.5788770053475936 0.048465266558966075 0.40106951871657753
3 0.3081583198707593 0.5868983957219251 0.033117932148626815 0.27540106951871657
3 0.2823101777059774 0.5855614973262032 0.025040387722132473 0.28609625668449196
3 0.9054927302100162 0.5614973262032086 0.09046849757673667 0.39037433155080214
0 0.44022617124394187 0.4879679144385027 0.034733441033925685 0.11497326203208556
0 0.3546042003231018 0.5066844919786097 0.07512116316639741 0.20320855614973263
1 0.38368336025848143 0.4959893048128342 0.04765751211631664 0.15240641711229946