0 0.49879227053140096 0.532 0.04186795491143317 0.13066666666666665
0 0.1316425120772947 0.6826666666666666 0.20128824476650564 0.304
0 0.8168276972624798 0.68 0.24235104669887278 0.472
0 0.6553945249597424 0.5693333333333334 0.14009661835748793 0.21066666666666667
0 0.6328502415458938 0.5466666666666666 0.11030595813204509 0.168
0 0.6175523349436393 0.524 0.09098228663446055 0.14933333333333335
1 0.5772946859903382 0.49866666666666665 0.0821256038647343 0.13333333333333333
0 0.5595813204508857 0.504 0.06280193236714976 0.08266666666666667
0 0.5406602254428341 0.492 0.04186795491143317 0.056
0 0.3103864734299517 0.52 0.05233494363929147 0.09866666666666667
1 0.428743961352657 0.472 0.030595813204508857 0.09333333333333334
0 0.3397745571658615 0.5173333333333333 0.039452495974235106 0.08
0 0.36312399355877617 0.5146666666666667 0.030595813204508857 0.056
0 0.39895330112721417 0.49733333333333335 0.0249597423510467 0.04533333333333334
0 0.2886473429951691 0.512 0.03140096618357488 0.06933333333333333
0 0.06320450885668277 0.5213333333333333 0.03462157809983897 0.08