0 0.7636876006441223 0.708 0.23349436392914655 0.4266666666666667
0 0.43156199677938806 0.5093333333333333 0.06924315619967794 0.08533333333333333
3 0.37359098228663445 0.524 0.012077294685990338 0.14133333333333334
5 0.749194847020934 0.54 0.071658615136876 0.176
0 0.6135265700483091 0.48533333333333334 0.06360708534621579 0.07733333333333334
0 0.7701288244766505 0.4746666666666667 0.07729468599033816 0.072
1 0.9637681159420289 0.46266666666666667 0.07085346215780998 0.096
0 0.37922705314009664 0.5106666666666667 0.05475040257648953 0.07466666666666667
0 0.21014492753623187 0.524 0.0571658615136876 0.07733333333333334
0 0.4758454106280193 0.484 0.01932367149758454 0.042666666666666665
0 0.44565217391304346 0.49066666666666664 0.02254428341384863 0.042666666666666665