0 0.7616747181964574 0.744 0.2359098228663446 0.4826666666666667
0 0.40418679549114334 0.5893333333333334 0.07648953301127215 0.23733333333333334
4 0.6731078904991948 0.6946666666666667 0.05636070853462158 0.384
0 0.1638486312399356 0.776 0.3276972624798712 0.44266666666666665
0 0.6006441223832528 0.5933333333333334 0.06521739130434782 0.14933333333333335
0 0.6473429951690821 0.6306666666666667 0.0966183574879227 0.22666666666666666
0 0.4613526570048309 0.5373333333333333 0.02576489533011272 0.08
0 0.427938808373591 0.5786666666666667 0.05233494363929147 0.14133333333333334
0 0.5873590982286635 0.5693333333333334 0.04589371980676329 0.12266666666666666
0 0.5700483091787439 0.552 0.036231884057971016 0.09333333333333334
0 0.5595813204508857 0.5426666666666666 0.03140096618357488 0.08266666666666667