3 0.552907915993538 0.5909090909090909 0.030694668820678513 0.28342245989304815
3 0.36873990306946686 0.5628342245989305 0.025040387722132473 0.20855614973262032
3 0.3388529886914378 0.5641711229946524 0.020193861066235864 0.19518716577540107
4 0.05411954765751212 0.8743315508021391 0.10823909531502424 0.24598930481283424
3 0.6437802907915994 0.5401069518716578 0.022617124394184167 0.18983957219251338
3 0.6118739903069467 0.5347593582887701 0.020193861066235864 0.18716577540106952
3 0.5226171243941842 0.5387700534759359 0.0210016155088853 0.17647058823529413
3 0.5831987075928917 0.5949197860962567 0.024232633279483037 0.26737967914438504
3 0.6074313408723748 0.5454545454545454 0.027463651050080775 0.21390374331550802
3 0.6280290791599353 0.5254010695187166 0.02988691437802908 0.18181818181818182
0 0.4588045234248788 0.5187165775401069 0.033925686591276254 0.0855614973262032
3 0.08441033925686592 0.6363636363636364 0.05250403877221325 0.3181818181818182
4 0.1381260096930533 0.7820855614973262 0.10258481421647819 0.40106951871657753