1 0.5519323671497585 0.5613333333333334 0.07809983896940419 0.28
0 0.30152979066022545 0.608 0.1247987117552335 0.20533333333333334
0 0.20330112721417068 0.5786666666666667 0.1497584541062802 0.2613333333333333
0 0.46537842190016104 0.5293333333333333 0.05475040257648953 0.13333333333333333
0 0.8011272141706924 0.5733333333333334 0.1360708534621578 0.21333333333333335
0 0.5982286634460547 0.49066666666666664 0.03542673107890499 0.10666666666666667
1 0.6396940418679549 0.456 0.0426731078904992 0.13333333333333333
0 0.8852657004830918 0.5466666666666666 0.1537842190016103 0.22666666666666666
0 0.9533011272141707 0.5653333333333334 0.09178743961352658 0.192
2 0.5917874396135265 0.43466666666666665 0.04106280193236715 0.18666666666666668
0 0.06521739130434782 0.612 0.13043478260869565 0.19733333333333333