1 0.4553140096618358 0.552 0.07004830917874397 0.256
1 0.9142512077294686 0.47733333333333333 0.16988727858293076 0.472
0 0.21296296296296297 0.6 0.12640901771336555 0.2
0 0.10789049919484701 0.5746666666666667 0.15942028985507245 0.264
0 0.37721417069243157 0.5266666666666666 0.05475040257648953 0.128
0 0.6702898550724637 0.552 0.10628019323671498 0.18133333333333335
0 0.5044283413848631 0.4866666666666667 0.0322061191626409 0.10133333333333333
1 0.5430756843800322 0.456 0.037037037037037035 0.12533333333333332
0 0.7379227053140096 0.5346666666666666 0.11352657004830918 0.18933333333333333
0 0.8301127214170693 0.5426666666666666 0.14170692431561996 0.16533333333333333
2 0.49879227053140096 0.43866666666666665 0.036231884057971016 0.176
0 0.011272141706924315 0.5973333333333334 0.02254428341384863 0.16