3 0.6082390953150242 0.6256684491978609 0.0420032310177706 0.35294117647058826
3 0.3436995153473344 0.5882352941176471 0.030694668820678513 0.2807486631016043
3 0.2867528271405493 0.5868983957219251 0.025848142164781908 0.26737967914438504
3 0.7277867528271406 0.5762032085561497 0.030694668820678513 0.27807486631016043
3 0.6950726978998385 0.56951871657754 0.035541195476575124 0.27540106951871657
3 0.5383683360258481 0.5441176470588235 0.024232633279483037 0.1925133689839572
3 0.6070274636510501 0.6256684491978609 0.030694668820678513 0.3155080213903743
3 0.5932956381260097 0.6002673796791443 0.04038772213247173 0.27540106951871657
3 0.5755250403877221 0.589572192513369 0.022617124394184167 0.24866310160427807
3 0.6425686591276252 0.5588235294117647 0.02665589660743134 0.24598930481283424
3 0.6466074313408724 0.5347593582887701 0.024232633279483037 0.20320855614973263
0 0.46526655896607433 0.516042780748663 0.03796445880452343 0.0962566844919786