3 0.30514705882352944 0.5797297297297297 0.03758169934640523 0.3108108108108108
0 0.4632352941176471 0.5054054054054054 0.03676470588235294 0.10270270270270271
3 0.24101307189542484 0.5175675675675676 0.022058823529411766 0.1783783783783784
3 0.11887254901960784 0.5202702702702703 0.03022875816993464 0.22972972972972974
3 0.1437908496732026 0.4810810810810811 0.024509803921568627 0.15675675675675677
0 0.7655228758169934 0.5675675675675675 0.14460784313725492 0.15675675675675677
0 0.8288398692810458 0.5540540540540541 0.08823529411764706 0.12972972972972974
0 0.8937908496732027 0.5581081081081081 0.0988562091503268 0.12432432432432433
0 0.9477124183006536 0.5594594594594594 0.10294117647058823 0.12702702702702703
3 0.11070261437908496 0.522972972972973 0.021241830065359478 0.21351351351351353
3 0.16339869281045752 0.48243243243243245 0.015522875816993464 0.17567567567567569
3 0.136437908496732 0.4918918918918919 0.021241830065359478 0.15405405405405406
3 0.2201797385620915 0.5 0.015522875816993464 0.14324324324324325
3 0.20179738562091504 0.4918918918918919 0.014705882352941176 0.15135135135135136
3 0.19281045751633988 0.49594594594594593 0.011437908496732025 0.12972972972972974
3 0.1801470588235294 0.4905405405405405 0.01715686274509804 0.14324324324324325
0 0.5061274509803921 0.5027027027027027 0.029411764705882353 0.07567567567567568
3 0.1875 0.47297297297297297 0.008986928104575163 0.11891891891891893