0 0.4967793880837359 0.5213333333333333 0.03542673107890499 0.10933333333333334
0 0.9730273752012882 0.7173333333333334 0.05233494363929147 0.56
0 0.8075684380032206 0.7186666666666667 0.23349436392914655 0.488
0 0.7028985507246377 0.6133333333333333 0.1723027375201288 0.3333333333333333
0 0.6618357487922706 0.5733333333333334 0.1457326892109501 0.224
0 0.6292270531400966 0.544 0.11996779388083736 0.18933333333333333
0 0.5978260869565217 0.5226666666666666 0.08856682769726248 0.11466666666666667
0 0.4384057971014493 0.492 0.015297906602254429 0.034666666666666665
0 0.4053945249597424 0.516 0.027375201288244767 0.064
0 0.5660225442834138 0.5026666666666667 0.0644122383252818 0.08266666666666667
0 0.5479066022544283 0.49733333333333335 0.05233494363929147 0.06666666666666667
1 0.5362318840579711 0.4826666666666667 0.043478260869565216 0.06666666666666667
0 0.39090177133655396 0.49466666666666664 0.023349436392914653 0.05333333333333334
0 0.3691626409017713 0.492 0.015297906602254429 0.04