1 0.17391304347826086 0.49866666666666665 0.34782608695652173 0.9973333333333333
0 0.7419484702093397 0.624 0.3196457326892109 0.4186666666666667
1 0.3784219001610306 0.5653333333333334 0.13043478260869565 0.352
3 0.9005636070853462 0.5186666666666667 0.026570048309178744 0.23466666666666666
3 0.8309178743961353 0.536 0.02254428341384863 0.2693333333333333
3 0.6127214170692431 0.5106666666666667 0.013687600644122383 0.13866666666666666
0 0.5555555555555556 0.5306666666666666 0.04428341384863124 0.12266666666666666
0 0.5394524959742351 0.5226666666666666 0.03864734299516908 0.11466666666666667
3 0.48711755233494364 0.47733333333333333 0.008051529790660225 0.064
3 0.49315619967793883 0.48 0.004830917874396135 0.06133333333333333
0 0.45088566827697263 0.47733333333333333 0.015297906602254429 0.05333333333333334