0 0.5064412238325282 0.5613333333333334 0.05394524959742351 0.17066666666666666
0 0.8236714975845411 0.7013333333333334 0.20611916264090177 0.47733333333333333
0 0.6626409017713365 0.58 0.13526570048309178 0.21333333333333335
0 0.05636070853462158 0.7226666666666667 0.11272141706924316 0.45066666666666666
0 0.07045088566827697 0.6186666666666667 0.14090177133655393 0.29333333333333333
0 0.34057971014492755 0.56 0.0821256038647343 0.13866666666666666
0 0.45974235104669886 0.5 0.030595813204508857 0.07466666666666667
0 0.25442834138486314 0.556 0.09017713365539452 0.13866666666666666
0 0.3691626409017713 0.5266666666666666 0.05314009661835749 0.08
0 0.5551529790660226 0.4866666666666667 0.01932367149758454 0.04533333333333334
0 0.14170692431561996 0.5626666666666666 0.1143317230273752 0.136