0 0.48186946011281223 0.5226063829787234 0.0346494762288477 0.10372340425531915
0 0.0991136180499597 0.7353723404255319 0.1982272360999194 0.523936170212766
0 0.0789685737308622 0.6555851063829787 0.1579371474617244 0.2925531914893617
0 0.22360999194198228 0.5704787234042553 0.11442385173247381 0.2047872340425532
0 0.3509266720386785 0.5930851063829787 0.09508460918614021 0.2074468085106383
0 0.30620467365028203 0.5478723404255319 0.0692989524576954 0.125
0 0.4178082191780822 0.5398936170212766 0.045124899274778404 0.10372340425531915
0 0.38315874294923447 0.5146276595744681 0.032232070910556 0.06914893617021277
1 0.4419822723609992 0.4800531914893617 0.023368251410153102 0.09308510638297872
0 0.023771152296535054 0.6077127659574468 0.04754230459307011 0.21808510638297873
0 0.11966156325543917 0.5731382978723404 0.11925866236905722 0.16489361702127658