0 0.4967793880837359 0.52 0.03542673107890499 0.10933333333333334
0 0.8538647342995169 0.7386666666666667 0.25523349436392917 0.5173333333333333
0 0.7242351046698873 0.6333333333333333 0.1859903381642512 0.37866666666666665
0 0.6739130434782609 0.5826666666666667 0.15539452495974235 0.24266666666666667
0 0.6372785829307569 0.5493333333333333 0.12640901771336555 0.20266666666666666
0 0.6183574879227053 0.5413333333333333 0.09339774557165861 0.14933333333333335
0 0.6018518518518519 0.524 0.09259259259259259 0.12
0 0.4359903381642512 0.492 0.015297906602254429 0.037333333333333336
0 0.4001610305958132 0.5173333333333333 0.028985507246376812 0.06933333333333333
0 0.5680354267310789 0.5026666666666667 0.06602254428341385 0.08533333333333333
0 0.5491143317230274 0.49733333333333335 0.05314009661835749 0.06666666666666667
1 0.5366344605475041 0.4826666666666667 0.04428341384863124 0.06666666666666667
0 0.3888888888888889 0.49466666666666664 0.024154589371980676 0.05333333333333334
0 0.3671497584541063 0.49066666666666664 0.01610305958132045 0.04