3 0.6643780290791599 0.68048128342246 0.05896607431340872 0.5080213903743316
3 0.7370759289176091 0.6724598930481284 0.07592891760904685 0.5213903743315508
3 0.13166397415185785 0.6858288770053476 0.05492730210016155 0.4893048128342246
3 0.3804523424878837 0.5828877005347594 0.029079159935379646 0.2807486631016043
3 0.5747172859450727 0.5387700534759359 0.02665589660743134 0.20588235294117646
3 0.7451534733441034 0.5735294117647058 0.0654281098546042 0.32085561497326204
3 0.9410339256865913 0.5614973262032086 0.05411954765751212 0.3850267379679144
3 0.8255250403877221 0.5454545454545454 0.033925686591276254 0.2994652406417112
3 0.385702746365105 0.5494652406417112 0.0210016155088853 0.17914438502673796
3 0.3675282714054927 0.5467914438502673 0.014539579967689823 0.18181818181818182
0 0.4543618739903069 0.4839572192513369 0.022617124394184167 0.07754010695187166
0 0.3877221324717286 0.5120320855614974 0.062197092084006464 0.17647058823529413
1 0.4095315024232633 0.5053475935828877 0.04038772213247173 0.13636363636363635