3 0.037173202614379085 0.5905405405405405 0.07434640522875817 0.3675675675675676
3 0.02165032679738562 0.5743243243243243 0.04330065359477124 0.35945945945945945
5 0.6691176470588235 0.5567567567567567 0.041666666666666664 0.3027027027027027
3 0.5077614379084967 0.5621621621621622 0.02696078431372549 0.22162162162162163
5 0.3897058823529412 0.5067567567567568 0.024509803921568627 0.14324324324324325
3 0.6544117647058824 0.49864864864864866 0.017973856209150325 0.17027027027027028
3 0.5514705882352942 0.4756756756756757 0.011437908496732025 0.10270270270270271
3 0.5241013071895425 0.48783783783783785 0.008986928104575163 0.10270270270270271
3 0.5379901960784313 0.48243243243243245 0.00980392156862745 0.10270270270270271
3 0.5821078431372549 0.4689189189189189 0.010620915032679739 0.10270270270270271
3 0.5935457516339869 0.46621621621621623 0.00980392156862745 0.11081081081081082