0 0.10507246376811594 0.7826666666666666 0.21014492753623187 0.42933333333333334
0 0.19202898550724637 0.7933333333333333 0.27375201288244766 0.408
0 0.7270531400966184 0.736 0.250402576489533 0.4826666666666667
0 0.7749597423510467 0.532 0.18276972624798712 0.184
0 0.38164251207729466 0.556 0.0644122383252818 0.14933333333333335
0 0.572061191626409 0.552 0.05877616747181964 0.14933333333333335
1 0.39895330112721417 0.5146666666666667 0.05314009661835749 0.16533333333333333
0 0.5527375201288245 0.536 0.050724637681159424 0.12
1 0.29347826086956524 0.484 0.12640901771336555 0.15466666666666667
1 0.49114331723027377 0.476 0.020128824476650563 0.06933333333333333
1 0.6276167471819646 0.452 0.08132045088566828 0.104