0 0.9098228663446055 0.7746666666666666 0.178743961352657 0.44533333333333336
0 0.09219001610305957 0.6253333333333333 0.18438003220611915 0.25333333333333335
3 0.3248792270531401 0.544 0.017713365539452495 0.18933333333333333
5 0.8643317230273752 0.572 0.11755233494363929 0.264
0 0.45893719806763283 0.5106666666666667 0.0821256038647343 0.10933333333333334
0 0.6610305958132046 0.49333333333333335 0.08373590982286634 0.08266666666666667
1 0.8804347826086957 0.47333333333333333 0.08856682769726248 0.10933333333333334
0 0.5032206119162641 0.5026666666666667 0.050724637681159424 0.07466666666666667
0 0.2532206119162641 0.5253333333333333 0.07809983896940419 0.09333333333333334
0 0.4673913043478261 0.496 0.020933977455716585 0.048
0 0.43478260869565216 0.496 0.024154589371980676 0.048