0 0.08051529790660225 0.7053333333333334 0.1610305958132045 0.37866666666666665
0 0.17310789049919484 0.6453333333333333 0.23268921095008052 0.28
0 0.2427536231884058 0.612 0.19082125603864733 0.24533333333333332
0 0.27093397745571657 0.5853333333333334 0.13848631239935588 0.21866666666666668
0 0.2922705314009662 0.5693333333333334 0.15942028985507245 0.18933333333333333
0 0.29790660225442833 0.5546666666666666 0.10869565217391304 0.15733333333333333
0 0.3325281803542673 0.548 0.10547504025764895 0.136
0 0.33816425120772947 0.544 0.11030595813204509 0.12533333333333332
0 0.36553945249597425 0.528 0.08132045088566828 0.112
0 0.37318840579710144 0.5093333333333333 0.08454106280193237 0.13066666666666665
5 0.4609500805152979 0.504 0.008051529790660225 0.064
0 0.6034621578099839 0.5946666666666667 0.07971014492753623 0.2
0 0.6755233494363929 0.548 0.12560386473429952 0.16533333333333333
0 0.5929951690821256 0.5133333333333333 0.06682769726247988 0.09866666666666667
0 0.5241545893719807 0.5133333333333333 0.023349436392914653 0.058666666666666666