0 0.49355877616747185 0.5413333333333333 0.04589371980676329 0.12533333333333332
0 0.08132045088566828 0.7413333333333333 0.16264090177133655 0.512
0 0.2665056360708535 0.6106666666666667 0.143317230273752 0.26666666666666666
0 0.31803542673107893 0.5746666666666667 0.12721417069243157 0.20266666666666666
0 0.37359098228663445 0.536 0.09500805152979067 0.12533333333333332
0 0.40217391304347827 0.5093333333333333 0.06521739130434782 0.08533333333333333
1 0.4190821256038647 0.4826666666666667 0.07085346215780998 0.12533333333333332
0 0.8695652173913043 0.7693333333333333 0.25925925925925924 0.456
0 0.7298711755233495 0.632 0.18760064412238325 0.38133333333333336
3 0.5793075684380032 0.5333333333333333 0.015297906602254429 0.13333333333333333
0 0.7322866344605475 0.5373333333333333 0.12238325281803543 0.15466666666666667
0 0.48993558776167473 0.5106666666666667 0.02818035426731079 0.08533333333333333
0 0.08132045088566828 0.616 0.16264090177133655 0.27466666666666667
0 0.19041867954911434 0.576 0.11513687600644122 0.18666666666666668
1 0.8772141706924316 0.504 0.19001610305958133 0.22933333333333333
0 0.23671497584541062 0.49733333333333335 0.06280193236714976 0.09866666666666667
2 0.3506441223832528 0.4666666666666667 0.04106280193236715 0.10133333333333333