0 0.6735104669887279 0.6453333333333333 0.1819645732689211 0.44
0 0.09541062801932366 0.7386666666666667 0.19082125603864733 0.48
0 0.12278582930756844 0.6693333333333333 0.24557165861513688 0.33866666666666667
0 0.17310789049919484 0.6106666666666667 0.20933977455716588 0.2613333333333333
0 0.26207729468599034 0.548 0.18438003220611915 0.24533333333333332
0 0.2318840579710145 0.5866666666666667 0.1642512077294686 0.24266666666666667
0 0.604669887278583 0.584 0.09339774557165861 0.20533333333333334
0 0.2834138486312399 0.5373333333333333 0.1280193236714976 0.20533333333333334
0 0.32367149758454106 0.532 0.11916264090177134 0.14933333333333335
0 0.3687600644122383 0.516 0.08293075684380032 0.10133333333333333
0 0.3860708534621578 0.49466666666666664 0.06763285024154589 0.104
0 0.539049919484702 0.516 0.03542673107890499 0.09066666666666667
0 0.573268921095008 0.5493333333333333 0.061996779388083734 0.15733333333333333