0 0.6859903381642513 0.5266666666666666 0.178743961352657 0.208
0 0.9041867954911433 0.44 0.09822866344605476 0.09866666666666667
0 0.8776167471819646 0.44533333333333336 0.09420289855072464 0.09066666666666667
0 0.8542673107890499 0.44666666666666666 0.09339774557165861 0.09066666666666667
0 0.3788244766505636 0.5493333333333333 0.04830917874396135 0.12533333333333332
0 0.44363929146537845 0.52 0.036231884057971016 0.09333333333333334
0 0.6590177133655395 0.47733333333333333 0.0853462157809984 0.10666666666666667
0 0.7419484702093397 0.44533333333333336 0.0426731078904992 0.08
1 0.8240740740740741 0.43333333333333335 0.04911433172302738 0.09333333333333334
0 0.7705314009661836 0.4493333333333333 0.04669887278582931 0.072
0 0.3965378421900161 0.5386666666666666 0.04186795491143317 0.09866666666666667
0 0.535024154589372 0.49733333333333335 0.029790660225442835 0.06933333333333333
0 0.49476650563607083 0.5026666666666667 0.020933977455716585 0.056