0 0.48429951690821255 0.49866666666666665 0.01932367149758454 0.06133333333333333
0 0.41183574879227053 0.5493333333333333 0.05233494363929147 0.13066666666666665
0 0.7785829307568438 0.744 0.28421900161030594 0.5066666666666667
0 0.6413043478260869 0.632 0.1392914653784219 0.336
0 0.5938003220611916 0.5746666666666667 0.07809983896940419 0.23466666666666666
0 0.5523349436392915 0.5373333333333333 0.0499194847020934 0.12533333333333332
0 0.5257648953301127 0.5093333333333333 0.02576489533011272 0.07466666666666667
0 0.5406602254428341 0.524 0.03784219001610306 0.10933333333333334
0 0.3276972624798712 0.5213333333333333 0.05636070853462158 0.06933333333333333
0 0.2556360708534622 0.5226666666666666 0.06360708534621579 0.072
0 0.5128824476650563 0.49333333333333335 0.018518518518518517 0.050666666666666665
3 0.643719806763285 0.5306666666666666 0.023349436392914653 0.21866666666666668