0 0.08655394524959742 0.6413333333333333 0.17310789049919484 0.544
5 0.35909822866344604 0.596 0.03542673107890499 0.224
0 0.8909017713365539 0.744 0.21658615136876005 0.5066666666666667
0 0.8309178743961353 0.668 0.3083735909822866 0.33066666666666666
0 0.7717391304347826 0.5973333333333334 0.22302737520128824 0.30933333333333335
0 0.26972624798711753 0.5693333333333334 0.15136876006441224 0.16
0 0.30676328502415456 0.5546666666666666 0.12238325281803543 0.13866666666666666
0 0.533011272141707 0.5413333333333333 0.04911433172302738 0.12
0 0.37318840579710144 0.5146666666666667 0.0644122383252818 0.08266666666666667
0 0.5096618357487923 0.5093333333333333 0.02576489533011272 0.072
1 0.48993558776167473 0.472 0.013687600644122383 0.05333333333333334