0 0.5910556003223207 0.5797872340425532 0.07413376309427881 0.17287234042553193
0 0.12530217566478646 0.7473404255319149 0.2506043513295729 0.5
0 0.5229653505237711 0.5093085106382979 0.0265914585012087 0.06648936170212766
0 0.3029814665592264 0.636968085106383 0.14020950846091862 0.2845744680851064
0 0.1861402095084609 0.5944148936170213 0.1297340854149879 0.19946808510638298
0 0.38396454472199837 0.5412234042553191 0.053988718775181306 0.13031914893617022
0 0.2937147461724416 0.5465425531914894 0.064464141821112 0.11702127659574468
1 0.34004834810636586 0.511968085106383 0.040290088638195005 0.10638297872340426
0 0.4186140209508461 0.5212765957446809 0.032232070910556 0.07446808510638298
1 0.3726833199033038 0.5013297872340425 0.0378726833199033 0.0851063829787234
0 0.4347300564061241 0.5093085106382979 0.0249798549556809 0.05851063829787234
0 0.48509266720386784 0.5106382978723404 0.023368251410153102 0.07180851063829788