0 0.10466988727858294 0.772 0.20933977455716588 0.45066666666666666
0 0.9323671497584541 0.54 0.13365539452495975 0.30133333333333334
0 0.8611111111111112 0.5333333333333333 0.1360708534621578 0.22666666666666666
0 0.8059581320450886 0.5133333333333333 0.12640901771336555 0.19733333333333333
0 0.7657004830917874 0.516 0.11835748792270531 0.152
0 0.7302737520128825 0.492 0.09259259259259259 0.13066666666666665
0 0.6880032206119162 0.6493333333333333 0.16586151368760063 0.38133333333333336
0 0.6199677938808373 0.576 0.0821256038647343 0.18933333333333333
0 0.3538647342995169 0.5946666666666667 0.11352657004830918 0.24
1 0.4001610305958132 0.5306666666666666 0.0821256038647343 0.21333333333333335
0 0.6590177133655395 0.4826666666666667 0.08373590982286634 0.12
0 0.427938808373591 0.5453333333333333 0.04911433172302738 0.136
0 0.44122383252818037 0.5226666666666666 0.0426731078904992 0.10666666666666667
0 0.5221417069243156 0.492 0.05394524959742351 0.064
2 0.5277777777777778 0.444 0.05233494363929147 0.18133333333333335