0 0.9887278582930756 0.6853333333333333 0.020933977455716585 0.624
0 0.9935587761674718 0.7053333333333334 0.011272141706924315 0.568
1 0.39371980676328505 0.536 0.05877616747181964 0.21333333333333335
1 0.8115942028985508 0.4666666666666667 0.26247987117552335 0.33866666666666667
0 0.18075684380032206 0.5813333333333334 0.107085346215781 0.17066666666666666
0 0.07568438003220612 0.5693333333333334 0.14009661835748793 0.23466666666666666
0 0.3188405797101449 0.52 0.04750402576489533 0.11466666666666667
0 0.573268921095008 0.5266666666666666 0.07971014492753623 0.14666666666666667
0 0.43478260869565216 0.4866666666666667 0.029790660225442835 0.09066666666666667
1 0.47061191626409016 0.4533333333333333 0.030595813204508857 0.11466666666666667
0 0.6260064412238325 0.5186666666666667 0.08293075684380032 0.152
0 0.6912238325281803 0.5226666666666666 0.0966183574879227 0.128
1 0.9625603864734299 0.43866666666666665 0.07326892109500806 0.20533333333333334
2 0.4311594202898551 0.44133333333333336 0.033011272141706925 0.16266666666666665