0 0.48429951690821255 0.5 0.01932367149758454 0.06133333333333333
0 0.38405797101449274 0.5853333333333334 0.07648953301127215 0.184
0 0.8582930756843801 0.7506666666666667 0.28180354267310787 0.49333333333333335
0 0.7137681159420289 0.7226666666666667 0.2286634460547504 0.512
0 0.6231884057971014 0.6106666666666667 0.10386473429951691 0.304
0 0.5619967793880838 0.548 0.05877616747181964 0.14666666666666667
0 0.5277777777777778 0.5146666666666667 0.02818035426731079 0.08266666666666667
0 0.5466988727858293 0.532 0.043478260869565216 0.12266666666666666
0 0.31561996779388085 0.5293333333333333 0.061191626409017714 0.07466666666666667
0 0.23752012882447665 0.532 0.06924315619967794 0.07733333333333334
0 0.5144927536231884 0.5 0.01932367149758454 0.05333333333333334
3 0.6702898550724637 0.5466666666666666 0.02818035426731079 0.264