0 0.49476650563607083 0.5613333333333334 0.0426731078904992 0.11733333333333333
0 0.18679549114331723 0.7186666666666667 0.21658615136876005 0.4106666666666667
0 0.26811594202898553 0.64 0.15942028985507245 0.2906666666666667
0 0.34098228663446056 0.572 0.10628019323671498 0.15733333333333333
1 0.3784219001610306 0.5093333333333333 0.11513687600644122 0.21866666666666668
3 0.7037037037037037 0.6413333333333333 0.04186795491143317 0.32
0 0.9879227053140096 0.6506666666666666 0.02254428341384863 0.392
1 0.5289855072463768 0.504 0.027375201288244767 0.08533333333333333
0 0.4927536231884058 0.532 0.027375201288244767 0.08533333333333333
1 0.4086151368760064 0.5266666666666666 0.08132045088566828 0.11733333333333333
0 0.05555555555555555 0.568 0.1111111111111111 0.18666666666666668
0 0.14049919484702095 0.5573333333333333 0.08695652173913043 0.112
0 0.22061191626409019 0.5773333333333334 0.1111111111111111 0.176
3 0.17431561996779388 0.5253333333333333 0.01610305958132045 0.13066666666666665
3 0.22705314009661837 0.5226666666666666 0.011272141706924315 0.08533333333333333
2 0.3071658615136876 0.48933333333333334 0.061191626409017714 0.136