0 0.5072463768115942 0.5666666666666667 0.05314009661835749 0.168
0 0.7403381642512077 0.616 0.17552334943639292 0.33066666666666666
0 0.6155394524959742 0.5493333333333333 0.0853462157809984 0.14666666666666667
0 0.5801127214170693 0.5333333333333333 0.07246376811594203 0.10133333333333333
0 0.05676328502415459 0.7426666666666667 0.11352657004830918 0.424
0 0.3498389694041868 0.5533333333333333 0.06360708534621579 0.13333333333333333
0 0.4210950080515298 0.52 0.03542673107890499 0.08
0 0.2109500805152979 0.584 0.107085346215781 0.152
0 0.27294685990338163 0.5493333333333333 0.06602254428341385 0.136
0 0.4673913043478261 0.504 0.0249597423510467 0.048
0 0.3425925925925926 0.5266666666666666 0.04750402576489533 0.08533333333333333
0 0.40418679549114334 0.5173333333333333 0.03864734299516908 0.058666666666666666
0 0.06038647342995169 0.5786666666666667 0.11674718196457327 0.15466666666666667
0 0.08574879227053141 0.544 0.10466988727858294 0.104
0 0.537842190016103 0.49333333333333335 0.018518518518518517 0.04