0 0.822463768115942 0.7546666666666667 0.3534621578099839 0.48533333333333334
0 0.604669887278583 0.5773333333333334 0.09017713365539452 0.24533333333333332
0 0.21618357487922704 0.5893333333333334 0.214170692431562 0.24533333333333332
0 0.26610305958132047 0.5666666666666667 0.16022544283413848 0.208
0 0.27375201288244766 0.536 0.12640901771336555 0.21866666666666668
0 0.2975040257648953 0.5493333333333333 0.10789049919484701 0.14133333333333334
0 0.3446054750402576 0.5293333333333333 0.0966183574879227 0.12266666666666666
0 0.3639291465378422 0.5293333333333333 0.0893719806763285 0.12
0 0.3635265700483092 0.5133333333333333 0.07246376811594203 0.11733333333333333
0 0.3715780998389694 0.512 0.0893719806763285 0.10933333333333334
0 0.40136876006441224 0.4826666666666667 0.05958132045088567 0.09333333333333334
5 0.4669887278582931 0.48133333333333334 0.005636070853462158 0.04533333333333334
0 0.5475040257648953 0.5253333333333333 0.03864734299516908 0.10133333333333333
0 0.5132850241545893 0.4866666666666667 0.017713365539452495 0.04533333333333334