0 0.08333333333333333 0.696 0.16666666666666666 0.5866666666666667
0 0.8514492753623188 0.768 0.29549114331723025 0.45866666666666667
0 0.6042673107890499 0.596 0.09581320450885668 0.256
0 0.12077294685990338 0.6773333333333333 0.24154589371980675 0.3413333333333333
0 0.19887278582930756 0.6333333333333333 0.19404186795491143 0.2613333333333333
0 0.2278582930756844 0.6 0.1996779388083736 0.22933333333333333
0 0.5700483091787439 0.56 0.06360708534621579 0.144
0 0.5426731078904992 0.5293333333333333 0.03784219001610306 0.112
0 0.3695652173913043 0.512 0.0644122383252818 0.11733333333333333
0 0.3973429951690821 0.524 0.0571658615136876 0.07466666666666667
0 0.5245571658615137 0.5106666666666667 0.023349436392914653 0.064