0 0.49557165861513686 0.5266666666666666 0.033816425120772944 0.10666666666666667
0 0.09057971014492754 0.616 0.1537842190016103 0.20533333333333334
0 0.19806763285024154 0.568 0.107085346215781 0.16
0 0.644524959742351 0.5573333333333333 0.11191626409017713 0.18933333333333333
0 0.6280193236714976 0.5466666666666666 0.10547504025764895 0.15466666666666667
0 0.5929951690821256 0.54 0.09098228663446055 0.12533333333333332
0 0.5776972624798712 0.528 0.07729468599033816 0.12
0 0.5632045088566827 0.5133333333333333 0.0644122383252818 0.096
0 0.4428341384863124 0.49866666666666665 0.013687600644122383 0.034666666666666665
1 0.5273752012882448 0.4866666666666667 0.03462157809983897 0.050666666666666665
0 0.4134460547504026 0.49466666666666664 0.017713365539452495 0.042666666666666665