0 0.501610305958132 0.5386666666666666 0.05233494363929147 0.16266666666666665
0 0.8510466988727858 0.7293333333333333 0.23510466988727857 0.536
0 0.7455716586151369 0.592 0.16908212560386474 0.336
1 0.6356682769726248 0.5146666666666667 0.13043478260869565 0.232
0 0.5913848631239935 0.516 0.08695652173913043 0.12266666666666666
0 0.5563607085346216 0.4866666666666667 0.05314009661835749 0.072
0 0.5458937198067633 0.4826666666666667 0.037037037037037035 0.056
0 0.22544283413848631 0.54 0.09259259259259259 0.14933333333333335
1 0.37359098228663445 0.476 0.06038647342995169 0.17333333333333334
0 0.2822061191626409 0.528 0.061191626409017714 0.112
0 0.3248792270531401 0.52 0.04428341384863124 0.07466666666666667
0 0.3808373590982287 0.492 0.03140096618357488 0.056
0 0.22061191626409019 0.5226666666666666 0.0499194847020934 0.09333333333333334