0 0.4943639291465378 0.5626666666666666 0.0426731078904992 0.11733333333333333
0 0.12117552334943639 0.76 0.24235104669887278 0.4746666666666667
0 0.22705314009661837 0.6826666666666666 0.18276972624798712 0.35733333333333334
0 0.32648953301127215 0.588 0.11594202898550725 0.176
1 0.3679549114331723 0.5106666666666667 0.12399355877616747 0.24
3 0.7447665056360708 0.6706666666666666 0.05475040257648953 0.384
1 0.5297906602254429 0.5013333333333333 0.02818035426731079 0.088
0 0.4919484702093398 0.5333333333333333 0.027375201288244767 0.08266666666666667
1 0.40458937198067635 0.5306666666666666 0.0853462157809984 0.12533333333333332
0 0.038244766505636074 0.5706666666666667 0.07648953301127215 0.192
0 0.11352657004830918 0.5693333333333334 0.09742351046698873 0.12266666666666666
0 0.1932367149758454 0.596 0.12962962962962962 0.2
0 0.2725442834138486 0.5573333333333333 0.07326892109500806 0.13866666666666666
3 0.1541867954911433 0.5346666666666666 0.017713365539452495 0.13866666666666666
3 0.21336553945249598 0.5306666666666666 0.007246376811594203 0.088
2 0.2999194847020934 0.49066666666666664 0.0644122383252818 0.14133333333333334