0 0.49355877616747185 0.544 0.04589371980676329 0.12266666666666666
0 0.23389694041867956 0.6293333333333333 0.1610305958132045 0.312
0 0.29911433172302737 0.5906666666666667 0.1392914653784219 0.22933333333333333
0 0.3643317230273752 0.5426666666666666 0.10144927536231885 0.136
0 0.39895330112721417 0.5173333333333333 0.06682769726247988 0.09066666666666667
1 0.41626409017713367 0.484 0.0748792270531401 0.13066666666666665
0 0.9017713365539453 0.768 0.19484702093397746 0.45866666666666667
0 0.7749597423510467 0.668 0.2391304347826087 0.464
3 0.5849436392914654 0.5333333333333333 0.018518518518518517 0.144
0 0.748389694041868 0.5373333333333333 0.1320450885668277 0.16533333333333333
0 0.48993558776167473 0.5133333333333333 0.02818035426731079 0.08533333333333333
0 0.05958132045088567 0.6293333333333333 0.11916264090177134 0.30933333333333335
0 0.1566022544283414 0.5826666666666667 0.13446054750402575 0.21066666666666667
1 0.9009661835748792 0.5173333333333333 0.1964573268921095 0.24533333333333332
0 0.22423510466988728 0.508 0.06763285024154589 0.104
2 0.3474235104669887 0.4706666666666667 0.0426731078904992 0.104