3 0.07648953301127215 0.5066666666666667 0.01288244766505636 0.13866666666666666
3 0.42391304347826086 0.4786666666666667 0.008856682769726247 0.096
0 0.3977455716586151 0.4706666666666667 0.0426731078904992 0.10933333333333334
0 0.42673107890499196 0.47733333333333333 0.0426731078904992 0.08266666666666667
0 0.4677938808373591 0.47333333333333333 0.050724637681159424 0.072
1 0.5837359098228664 0.45866666666666667 0.050724637681159424 0.09066666666666667
0 0.605877616747182 0.4613333333333333 0.03864734299516908 0.06133333333333333
0 0.6388888888888888 0.46 0.04186795491143317 0.06666666666666667
0 0.6642512077294686 0.4653333333333333 0.04830917874396135 0.05333333333333334
0 0.6880032206119162 0.4653333333333333 0.036231884057971016 0.05333333333333334
0 0.7073268921095008 0.4666666666666667 0.039452495974235106 0.050666666666666665
0 0.7290660225442834 0.46266666666666667 0.04669887278582931 0.05333333333333334
1 0.7673107890499195 0.44533333333333336 0.0499194847020934 0.07466666666666667
0 0.7870370370370371 0.4533333333333333 0.04508856682769726 0.050666666666666665
0 0.8043478260869565 0.45466666666666666 0.039452495974235106 0.04533333333333334