0 0.1687091503267974 0.75 0.3374183006535948 0.4945945945945946
3 0.5518790849673203 0.5486486486486486 0.0457516339869281 0.2756756756756757
5 0.8594771241830066 0.4608108108108108 0.04738562091503268 0.12972972972972974
3 0.34844771241830064 0.5756756756756757 0.0457516339869281 0.3216216216216216
5 0.7745098039215687 0.48243243243243245 0.026143790849673203 0.15945945945945947
3 0.11029411764705882 0.5864864864864865 0.03431372549019608 0.21891891891891893
3 0.09640522875816994 0.6013513513513513 0.026143790849673203 0.21351351351351353
5 0.3165849673202614 0.5783783783783784 0.08496732026143791 0.26756756756756755
3 0.022058823529411766 0.6189189189189189 0.04411764705882353 0.22972972972972974
3 0.10825163398692811 0.581081081081081 0.03104575163398693 0.2756756756756757
0 0.9652777777777778 0.46756756756756757 0.06781045751633986 0.11351351351351352
0 0.3860294117647059 0.4864864864864865 0.025326797385620915 0.062162162162162166