0 0.5257856567284448 0.5146276595744681 0.021756647864625302 0.05851063829787234
0 0.25745366639806605 0.6569148936170213 0.1643835616438356 0.3324468085106383
0 0.07332796132151491 0.6648936170212766 0.14665592264302982 0.32180851063829785
1 0.19943593875906526 0.5611702127659575 0.1095890410958904 0.22606382978723405
0 0.8775181305398871 0.7406914893617021 0.24335213537469783 0.5132978723404256
0 0.38033843674456086 0.5585106382978723 0.060435132957292505 0.13031914893617022
1 0.2912973408541499 0.5319148936170213 0.08299758259468171 0.1622340425531915
0 0.4117647058823529 0.538563829787234 0.040290088638195005 0.09574468085106383
0 0.4959709911361805 0.5279255319148937 0.031426269137792104 0.09840425531914894
0 0.3509266720386785 0.5305851063829787 0.045124899274778404 0.08776595744680851
0 0.4371474617244158 0.5159574468085106 0.019339242546333603 0.05851063829787234
1 0.3722804190169218 0.5079787234042553 0.0362610797743755 0.09042553191489362