0 0.4782433521353747 0.5252659574468085 0.035455278001611606 0.10638297872340426
0 0.15189363416599516 0.7367021276595744 0.3037872683319903 0.5212765957446809
0 0.060435132957292505 0.6875 0.12087026591458501 0.3484042553191489
0 0.26833199033037874 0.5531914893617021 0.0854149879129734 0.16489361702127658
0 0.3682514101531023 0.5718085106382979 0.07735697018533441 0.1702127659574468
0 0.32755842062852536 0.5372340425531915 0.05640612409347301 0.10638297872340426
0 0.4202256244963739 0.5345744680851063 0.040290088638195005 0.09308510638297872
0 0.3887993553585818 0.511968085106383 0.029008863819500404 0.06382978723404255
1 0.44157937147461723 0.4800531914893617 0.022562449637389202 0.08776595744680851
0 0.06809024979854955 0.5957446808510638 0.1361804995970991 0.20212765957446807
0 0.18211120064464142 0.5558510638297872 0.08702659145850121 0.13297872340425532