0 0.6513687600644122 0.6293333333333333 0.13687600644122383 0.352
0 0.1288244766505636 0.6626666666666666 0.2576489533011272 0.36
0 0.19001610305958133 0.6093333333333333 0.22383252818035426 0.2826666666666667
0 0.21457326892109502 0.5706666666666667 0.16747181964573268 0.2826666666666667
0 0.25161030595813205 0.5746666666666667 0.13687600644122383 0.17333333333333334
0 0.3172302737520129 0.5573333333333333 0.11835748792270531 0.14933333333333335
0 0.3413848631239936 0.5493333333333333 0.107085346215781 0.14133333333333334
0 0.3446054750402576 0.5293333333333333 0.08454106280193237 0.13866666666666666
0 0.35507246376811596 0.524 0.10386473429951691 0.12533333333333332
0 0.392914653784219 0.488 0.06521739130434782 0.10133333333333333
5 0.46497584541062803 0.484 0.005636070853462158 0.050666666666666665
0 0.5579710144927537 0.544 0.04508856682769726 0.12
0 0.6135265700483091 0.5133333333333333 0.08373590982286634 0.11466666666666667
0 0.5161030595813204 0.49466666666666664 0.01932367149758454 0.048