0 0.5225442834138486 0.616 0.08373590982286634 0.264
0 0.6348631239935588 0.5453333333333333 0.10386473429951691 0.16266666666666665
0 0.5865539452495975 0.528 0.061191626409017714 0.10133333333333333
0 0.5664251207729468 0.5186666666666667 0.05475040257648953 0.07466666666666667
0 0.21296296296296297 0.632 0.12721417069243157 0.224
0 0.08293075684380032 0.6453333333333333 0.16586151368760063 0.21866666666666668
0 0.42028985507246375 0.52 0.03140096618357488 0.06933333333333333
0 0.46537842190016104 0.504 0.02254428341384863 0.05333333333333334
0 0.4915458937198068 0.49333333333333335 0.017713365539452495 0.042666666666666665
0 0.30636070853462155 0.5493333333333333 0.061996779388083734 0.10133333333333333
0 0.3389694041867955 0.5293333333333333 0.0426731078904992 0.09866666666666667
0 0.3820450885668277 0.5186666666666667 0.036231884057971016 0.06666666666666667
0 0.427536231884058 0.512 0.033011272141706925 0.048
0 0.20933977455716588 0.544 0.06521739130434782 0.10133333333333333
0 0.19806763285024154 0.528 0.07004830917874397 0.07466666666666667