0 0.4895330112721417 0.532 0.04508856682769726 0.12
0 0.16344605475040258 0.7653333333333333 0.32689210950080516 0.464
0 0.05837359098228664 0.7693333333333333 0.11674718196457327 0.456
0 0.1356682769726248 0.6826666666666666 0.17149758454106281 0.3333333333333333
0 0.2918679549114332 0.5733333333333334 0.11191626409017713 0.17333333333333334
0 0.32004830917874394 0.5506666666666666 0.10225442834138486 0.16
0 0.358695652173913 0.532 0.0748792270531401 0.10133333333333333
0 0.4392109500805153 0.5306666666666666 0.04106280193236715 0.09866666666666667
0 0.3961352657004831 0.5053333333333333 0.06360708534621579 0.08266666666666667
0 0.5772946859903382 0.5586666666666666 0.0644122383252818 0.15733333333333333
2 0.5636070853462157 0.444 0.06682769726247988 0.25866666666666666
3 0.6247987117552335 0.512 0.01288244766505636 0.14933333333333335
0 0.0535426731078905 0.5733333333333334 0.107085346215781 0.15466666666666667
0 0.4915458937198068 0.508 0.028985507246376812 0.088
0 0.23309178743961353 0.5146666666666667 0.05555555555555555 0.088