5 0.7107843137254902 0.5337837837837838 0.061274509803921566 0.3081081081081081
3 0.7111928104575164 0.5878378378378378 0.051470588235294115 0.44324324324324327
3 0.7201797385620915 0.48243243243243245 0.024509803921568627 0.15675675675675677
3 0.5649509803921569 0.5486486486486486 0.024509803921568627 0.2648648648648649
3 0.5183823529411765 0.5391891891891892 0.032679738562091505 0.2594594594594595
3 0.5253267973856209 0.5364864864864864 0.03349673202614379 0.28378378378378377
3 0.7406045751633987 0.48783783783783785 0.021241830065359478 0.1810810810810811
3 0.9138071895424836 0.48783783783783785 0.02042483660130719 0.20270270270270271
3 0.9428104575163399 0.4837837837837838 0.03104575163398693 0.23243243243243245
3 0.9240196078431373 0.49324324324324326 0.026143790849673203 0.1891891891891892
1 0.5049019607843137 0.4540540540540541 0.014705882352941176 0.05405405405405406