1 0.22745571658615138 0.604 0.32608695652173914 0.7866666666666666
0 0.855475040257649 0.7333333333333333 0.28743961352657005 0.528
0 0.6590177133655395 0.5893333333333334 0.21578099838969403 0.288
1 0.40177133655394526 0.5506666666666666 0.09339774557165861 0.25866666666666666
0 0.11191626409017713 0.752 0.22383252818035426 0.44
3 0.8103864734299517 0.5186666666666667 0.01932367149758454 0.18666666666666668
3 0.5897745571658615 0.5173333333333333 0.013687600644122383 0.12266666666666666
0 0.5422705314009661 0.536 0.03864734299516908 0.10933333333333334
0 0.5285829307568438 0.5173333333333333 0.03462157809983897 0.104
3 0.47665056360708535 0.496 0.007246376811594203 0.058666666666666666
3 0.47987117552334946 0.49866666666666665 0.00644122383252818 0.058666666666666666
0 0.4476650563607085 0.496 0.014492753623188406 0.050666666666666665