0 0.10064412238325282 0.7826666666666666 0.20128824476650564 0.42933333333333334
0 0.33776167471819646 0.6706666666666666 0.11272141706924316 0.272
0 0.2113526570048309 0.6893333333333334 0.15539452495974235 0.2906666666666667
5 0.6928341384863124 0.6586666666666666 0.1111111111111111 0.30933333333333335
0 0.9734299516908212 0.5893333333333334 0.05152979066022544 0.304
5 0.75 0.688 0.12721417069243157 0.376
3 0.10466988727858294 0.6453333333333333 0.02818035426731079 0.288
0 0.4170692431561997 0.576 0.043478260869565216 0.12533333333333332
0 0.4416264090177134 0.5453333333333333 0.023349436392914653 0.072
1 0.4500805152979066 0.5213333333333333 0.01932367149758454 0.07466666666666667
0 0.5499194847020934 0.5453333333333333 0.07809983896940419 0.10133333333333333
0 0.5197262479871175 0.536 0.05314009661835749 0.07466666666666667
1 0.3884863123993559 0.5853333333333334 0.07246376811594203 0.21066666666666667