0 0.9384057971014492 0.552 0.1215780998389694 0.32266666666666666
0 0.8812399355877617 0.5386666666666666 0.16505636070853463 0.22933333333333333
0 0.8055555555555556 0.5293333333333333 0.1247987117552335 0.184
0 0.8631239935587761 0.7426666666666667 0.2721417069243156 0.5093333333333333
0 0.7057165861513688 0.676 0.17391304347826086 0.352
0 0.2363123993558776 0.724 0.24798711755233493 0.4826666666666667
1 0.34782608695652173 0.5626666666666666 0.1320450885668277 0.3253333333333333
0 0.7620772946859904 0.512 0.10386473429951691 0.152
0 0.7000805152979066 0.48533333333333334 0.10950080515297907 0.152
1 0.6976650563607085 0.48 0.13285024154589373 0.14933333333333335
0 0.4001610305958132 0.5546666666666666 0.071658615136876 0.18666666666666668
0 0.42391304347826086 0.5306666666666666 0.0571658615136876 0.136
2 0.5305958132045089 0.44266666666666665 0.0644122383252818 0.21066666666666667