0 0.09057971014492754 0.7853333333333333 0.18115942028985507 0.424
0 0.9750402576489533 0.564 0.04830917874396135 0.4
0 0.9029790660225443 0.5573333333333333 0.19243156199677938 0.30666666666666664
0 0.26006441223832527 0.636 0.13365539452495975 0.22933333333333333
0 0.7226247987117552 0.6866666666666666 0.2037037037037037 0.4
0 0.6268115942028986 0.592 0.0998389694041868 0.24
0 0.33011272141706927 0.5866666666666667 0.07004830917874397 0.15733333333333333
0 0.5760869565217391 0.544 0.05475040257648953 0.12533333333333332
0 0.3824476650563607 0.5493333333333333 0.0499194847020934 0.10666666666666667
0 0.5575684380032206 0.536 0.04508856682769726 0.10133333333333333
0 0.4178743961352657 0.5213333333333333 0.026570048309178744 0.072
0 0.539049919484702 0.5173333333333333 0.03140096618357488 0.08
0 0.4690016103059581 0.48933333333333334 0.033816425120772944 0.042666666666666665