3 0.3737745098039216 0.5932432432432433 0.04493464052287582 0.35405405405405405
0 0.4542483660130719 0.5256756756756756 0.05310457516339869 0.14324324324324325
3 0.2136437908496732 0.5243243243243243 0.02696078431372549 0.2
3 0.12009803921568628 0.522972972972973 0.026143790849673203 0.23243243243243245
3 0.12459150326797386 0.4810810810810811 0.015522875816993464 0.17027027027027028
0 0.9133986928104575 0.577027027027027 0.1576797385620915 0.15675675675675677
0 0.8288398692810458 0.5540540540540541 0.08823529411764706 0.12972972972972974
0 0.8937908496732027 0.5581081081081081 0.0988562091503268 0.12432432432432433
0 0.9477124183006536 0.5594594594594594 0.10294117647058823 0.12702702702702703
3 0.11233660130718955 0.5216216216216216 0.02369281045751634 0.21081081081081082
3 0.17034313725490197 0.48783783783783785 0.02042483660130719 0.1837837837837838
3 0.14583333333333334 0.49324324324324326 0.018790849673202614 0.16486486486486487
3 0.22712418300653595 0.49594594594594593 0.010620915032679739 0.13513513513513514
3 0.2099673202614379 0.4864864864864865 0.013071895424836602 0.14324324324324325
3 0.2005718954248366 0.49324324324324326 0.012254901960784314 0.12162162162162163
3 0.18423202614379086 0.4905405405405405 0.013888888888888888 0.13513513513513514
0 0.5061274509803921 0.5027027027027027 0.029411764705882353 0.07567567567567568
3 0.18709150326797386 0.47297297297297297 0.012254901960784314 0.11891891891891893