4 0.09289176090468497 0.8435828877005348 0.18578352180936994 0.3074866310160428
3 0.35581583198707595 0.6925133689839572 0.05250403877221325 0.5668449197860963
3 0.30129240710823907 0.7152406417112299 0.07512116316639741 0.5641711229946524
3 0.528675282714055 0.5347593582887701 0.027463651050080775 0.22994652406417113
3 0.40064620355411956 0.5093582887700535 0.017770597738287562 0.14705882352941177
3 0.39337641357027464 0.5093582887700535 0.014539579967689823 0.14171122994652408
3 0.5201938610662359 0.5013368983957219 0.015347334410339256 0.15775401069518716
3 0.5674474959612278 0.5347593582887701 0.020193861066235864 0.22192513368983957
3 0.5993537964458805 0.5026737967914439 0.020193861066235864 0.18449197860962566
3 0.6159127625201939 0.4839572192513369 0.01615508885298869 0.16310160427807488
0 0.46890145395799676 0.4839572192513369 0.029079159935379646 0.0748663101604278
3 0.29079159935379645 0.5614973262032086 0.04765751211631664 0.23529411764705882
3 0.5872374798061389 0.5280748663101604 0.017770597738287562 0.18716577540106952