0 0.5273752012882448 0.64 0.10547504025764895 0.328
0 0.9947665056360708 0.7466666666666667 0.008856682769726247 0.5013333333333333
0 0.6320450885668277 0.5386666666666666 0.10064412238325282 0.15466666666666667
0 0.5861513687600645 0.5213333333333333 0.06038647342995169 0.09866666666666667
0 0.5664251207729468 0.512 0.05394524959742351 0.07466666666666667
0 0.32367149758454106 0.568 0.06763285024154589 0.13333333333333333
0 0.10024154589371981 0.632 0.16022544283413848 0.20533333333333334
0 0.4392109500805153 0.508 0.026570048309178744 0.058666666666666666
0 0.4774557165861514 0.49466666666666664 0.020128824476650563 0.048
0 0.31199677938808373 0.544 0.06038647342995169 0.096
0 0.3417874396135266 0.524 0.04106280193236715 0.096
0 0.38486312399355876 0.5106666666666667 0.03542673107890499 0.06666666666666667
0 0.42995169082125606 0.5053333333333333 0.0322061191626409 0.048
0 0.21698872785829307 0.5373333333333333 0.06280193236714976 0.09866666666666667
0 0.20772946859903382 0.52 0.06682769726247988 0.072