0 0.12278582930756844 0.784 0.24557165861513688 0.4266666666666667
0 0.8119967793880838 0.6013333333333334 0.23107890499194847 0.3626666666666667
0 0.2882447665056361 0.664 0.15942028985507245 0.33066666666666666
0 0.37922705314009664 0.596 0.07729468599033816 0.184
0 0.4078099838969404 0.5573333333333333 0.05877616747181964 0.13866666666666666
0 0.5680354267310789 0.5466666666666666 0.05233494363929147 0.15466666666666667
0 0.7652979066022544 0.54 0.2028985507246377 0.216
0 0.428743961352657 0.5226666666666666 0.036231884057971016 0.10666666666666667
0 0.4331723027375201 0.5146666666666667 0.043478260869565216 0.08266666666666667
0 0.2665056360708535 0.49866666666666665 0.050724637681159424 0.056
0 0.5849436392914654 0.532 0.0571658615136876 0.12
0 0.6175523349436393 0.5133333333333333 0.05958132045088567 0.10933333333333334