3 0.863562091503268 0.6810810810810811 0.07352941176470588 0.6081081081081081
3 0.8852124183006536 0.6837837837837838 0.058823529411764705 0.5837837837837838
3 0.5412581699346405 0.4648648648648649 0.016339869281045753 0.16486486486486487
3 0.24673202614379086 0.5364864864864864 0.031862745098039214 0.327027027027027
3 0.4334150326797386 0.522972972972973 0.024509803921568627 0.21081081081081082
3 0.4636437908496732 0.5148648648648648 0.025326797385620915 0.22702702702702704
3 0.7038398692810458 0.5648648648648649 0.0457516339869281 0.32972972972972975
3 0.40236928104575165 0.48783783783783785 0.022058823529411766 0.21081081081081082
3 0.39705882352941174 0.47702702702702704 0.0196078431372549 0.1918918918918919
3 0.3660130718954248 0.4797297297297297 0.024509803921568627 0.2
3 0.36356209150326796 0.4797297297297297 0.02287581699346405 0.20540540540540542
3 0.4950980392156863 0.45135135135135135 0.011437908496732025 0.14594594594594595
3 0.5355392156862745 0.46621621621621623 0.016339869281045753 0.14324324324324325
1 0.10947712418300654 0.49864864864864866 0.21895424836601307 0.9972972972972973