0 0.6972624798711755 0.6946666666666667 0.1859903381642512 0.456
0 0.10064412238325282 0.7306666666666667 0.20128824476650564 0.472
0 0.13405797101449277 0.644 0.26811594202898553 0.3413333333333333
0 0.17149758454106281 0.5946666666666667 0.1996779388083736 0.328
0 0.2210144927536232 0.5906666666666667 0.15780998389694043 0.19733333333333333
0 0.29871175523349436 0.572 0.13285024154589373 0.16533333333333333
0 0.3272946859903382 0.5613333333333334 0.11916264090177134 0.15733333333333333
0 0.33413848631239934 0.544 0.09259259259259259 0.14933333333333335
0 0.34500805152979064 0.5306666666666666 0.11272141706924316 0.136
0 0.3687600644122383 0.5253333333333333 0.07890499194847021 0.104
0 0.39170692431562 0.49866666666666665 0.06924315619967794 0.10666666666666667
5 0.46497584541062803 0.496 0.00644122383252818 0.05333333333333334
0 0.5648148148148148 0.556 0.0499194847020934 0.13066666666666665
0 0.6247987117552335 0.5186666666666667 0.09017713365539452 0.12266666666666666
0 0.5752818035426731 0.5053333333333333 0.05555555555555555 0.08266666666666667
0 0.5181159420289855 0.5013333333333333 0.020128824476650563 0.050666666666666665