0 0.9464869281045751 0.5662162162162162 0.1053921568627451 0.13783783783783785
0 0.8941993464052288 0.5635135135135135 0.10130718954248366 0.13243243243243244
0 0.8259803921568627 0.5621621621621622 0.09477124183006536 0.14324324324324325
0 0.5061274509803921 0.5081081081081081 0.027777777777777776 0.08108108108108109
5 0.4097222222222222 0.5378378378378378 0.03594771241830065 0.1783783783783784
5 0.4387254901960784 0.5243243243243243 0.04003267973856209 0.1783783783783784
5 0.40931372549019607 0.5 0.014705882352941176 0.0891891891891892
3 0.1568627450980392 0.46621621621621623 0.012254901960784314 0.12702702702702703
3 0.14133986928104575 0.5162162162162162 0.031862745098039214 0.21621621621621623
5 0.8598856209150327 0.6243243243243243 0.15196078431372548 0.5162162162162162
3 0.21446078431372548 0.49324324324324326 0.01715686274509804 0.14594594594594595
3 0.1854575163398693 0.4851351351351351 0.01715686274509804 0.14594594594594595
3 0.4869281045751634 0.6 0.041666666666666664 0.3621621621621622
3 0.5179738562091504 0.5797297297297297 0.041666666666666664 0.34324324324324323
3 0.5588235294117647 0.6 0.05065359477124183 0.3945945945945946
3 0.9624183006535948 0.6932432432432433 0.07352941176470588 0.6081081081081081
3 0.9616013071895425 0.6702702702702703 0.07516339869281045 0.5297297297297298
3 0.7467320261437909 0.7 0.09967320261437909 0.5945945945945946
3 0.7532679738562091 0.6810810810810811 0.08741830065359477 0.5540540540540541
3 0.7773692810457516 0.6608108108108108 0.0661764705882353 0.4648648648648649
3 0.5531045751633987 0.6243243243243243 0.05473856209150327 0.4297297297297297