0 0.49315619967793883 0.5453333333333333 0.043478260869565216 0.11733333333333333
0 0.09863123993558776 0.748 0.1972624798711755 0.49866666666666665
1 0.23067632850241546 0.572 0.2391304347826087 0.6053333333333333
0 0.32648953301127215 0.5786666666666667 0.13526570048309178 0.18133333333333335
0 0.3896940418679549 0.528 0.08776167471819646 0.13333333333333333
0 0.42592592592592593 0.49733333333333335 0.05394524959742351 0.088
1 0.5374396135265701 0.484 0.03542673107890499 0.112
0 0.48993558776167473 0.5186666666666667 0.027375201288244767 0.08266666666666667
1 0.35829307568438 0.5386666666666666 0.1280193236714976 0.19733333333333333
0 0.08735909822866345 0.6053333333333333 0.1747181964573269 0.2773333333333333
2 0.23510466988727857 0.4653333333333333 0.09822866344605476 0.18933333333333333