3 0.24434571890145396 0.6938502673796791 0.05977382875605816 0.606951871657754
3 0.19224555735056542 0.7219251336898396 0.16639741518578352 0.5508021390374331
3 0.5327140549273021 0.5441176470588235 0.025040387722132473 0.24064171122994651
3 0.3897415185783522 0.5227272727272727 0.017770597738287562 0.16042780748663102
3 0.3739903069466882 0.5213903743315508 0.01615508885298869 0.15240641711229946
3 0.5133279483037156 0.5093582887700535 0.016962843295638127 0.16310160427807488
3 0.5634087237479806 0.5467914438502673 0.021809369951534735 0.232620320855615
3 0.5945072697899838 0.5133689839572193 0.022617124394184167 0.18983957219251338
3 0.6223747980613893 0.4919786096256685 0.015347334410339256 0.1657754010695187
0 0.46001615508885296 0.49064171122994654 0.02988691437802908 0.07754010695187166
3 0.25121163166397414 0.56951871657754 0.02988691437802908 0.25133689839572193
3 0.5876413570274637 0.5374331550802139 0.015347334410339256 0.1925133689839572