0 0.9473039215686274 0.5702702702702702 0.10375816993464053 0.13783783783783785
0 0.8946078431372549 0.5621621621621622 0.10294117647058823 0.13243243243243244
0 0.8255718954248366 0.5621621621621622 0.09477124183006536 0.14324324324324325
0 0.5061274509803921 0.5067567567567568 0.027777777777777776 0.08108108108108109
5 0.0915032679738562 0.731081081081081 0.1830065359477124 0.5324324324324324
3 0.6638071895424836 0.6067567567567568 0.0457516339869281 0.37027027027027026
3 0.6977124183006536 0.6094594594594595 0.04820261437908497 0.32432432432432434
3 0.4166666666666667 0.5662162162162162 0.03839869281045752 0.27297297297297296
3 0.24591503267973855 0.5256756756756756 0.02696078431372549 0.21081081081081082
3 0.2757352941176471 0.5351351351351351 0.02696078431372549 0.1918918918918919
3 0.1830065359477124 0.5121621621621621 0.022058823529411766 0.1864864864864865
3 0.21037581699346405 0.5121621621621621 0.02042483660130719 0.1837837837837838
3 0.2406045751633987 0.5148648648648648 0.018790849673202614 0.16756756756756758