0 0.47665056360708535 0.5453333333333333 0.04669887278582931 0.128
0 0.16022544283413848 0.7946666666666666 0.32045088566827695 0.4053333333333333
0 0.2995169082125604 0.712 0.16908212560386474 0.408
0 0.35990338164251207 0.6253333333333333 0.09822866344605476 0.232
0 0.2636876006441224 0.6026666666666667 0.11755233494363929 0.192
0 0.4367954911433172 0.5146666666666667 0.029790660225442835 0.072
0 0.8297101449275363 0.784 0.3389694041867955 0.4266666666666667
0 0.6553945249597424 0.6533333333333333 0.1457326892109501 0.35733333333333334
0 0.5322061191626409 0.536 0.04106280193236715 0.10133333333333333
2 0.5269726247987118 0.452 0.0499194847020934 0.18933333333333333
3 0.5752818035426731 0.5013333333333333 0.010466988727858293 0.104
0 0.16223832528180354 0.5373333333333333 0.08293075684380032 0.104
0 0.47624798711755234 0.516 0.029790660225442835 0.088
0 0.03180354267310789 0.5826666666666667 0.06360708534621579 0.15466666666666667