0 0.4967793880837359 0.54 0.04750402576489533 0.128
0 0.17552334943639292 0.7453333333333333 0.26811594202898553 0.47733333333333333
0 0.3132045088566828 0.5826666666666667 0.11594202898550725 0.20533333333333334
0 0.3498389694041868 0.5586666666666666 0.107085346215781 0.16533333333333333
0 0.3892914653784219 0.528 0.08373590982286634 0.10933333333333334
1 0.42632850241545894 0.48533333333333334 0.06521739130434782 0.11466666666666667
0 0.7898550724637681 0.7373333333333333 0.24396135265700483 0.4266666666666667
0 0.6735104669887279 0.5986666666666667 0.1288244766505636 0.2826666666666667
3 0.5780998389694042 0.524 0.010466988727858293 0.12
0 0.7057165861513688 0.528 0.107085346215781 0.136
0 0.07608695652173914 0.6426666666666667 0.15217391304347827 0.30666666666666664
0 0.49315619967793883 0.512 0.02818035426731079 0.08533333333333333
0 0.15942028985507245 0.5746666666666667 0.13043478260869565 0.21333333333333335
0 0.2387278582930757 0.5653333333333334 0.09178743961352658 0.15733333333333333
1 0.8317230273752013 0.504 0.16344605475040258 0.2