0 0.5040257648953301 0.564 0.05314009661835749 0.16533333333333333
0 0.9057971014492754 0.7133333333333334 0.18679549114331723 0.568
0 0.6489533011272142 0.5746666666666667 0.10869565217391304 0.19733333333333333
0 0.5970209339774557 0.5466666666666666 0.08776167471819646 0.128
0 0.13285024154589373 0.6813333333333333 0.2109500805152979 0.352
0 0.36272141706924316 0.5466666666666666 0.061191626409017714 0.12266666666666666
0 0.10185185185185185 0.6213333333333333 0.1723027375201288 0.21333333333333335
0 0.2181964573268921 0.5666666666666667 0.08776167471819646 0.17066666666666666
0 0.43719806763285024 0.516 0.033816425120772944 0.064
0 0.3172302737520129 0.5373333333333333 0.05877616747181964 0.09866666666666667
0 0.39049919484702095 0.5213333333333333 0.043478260869565216 0.064
0 0.029790660225442835 0.5506666666666666 0.05958132045088567 0.11733333333333333
0 0.5265700483091788 0.49733333333333335 0.020933977455716585 0.048
0 0.23550724637681159 0.536 0.07085346215780998 0.096