0 0.08333333333333333 0.7373333333333333 0.16666666666666666 0.456
0 0.11634460547504026 0.664 0.23268921095008052 0.344
0 0.20853462157809985 0.6013333333333334 0.19162640901771336 0.24533333333333332
0 0.24355877616747182 0.5533333333333333 0.17713365539452497 0.256
5 0.4214975845410628 0.5346666666666666 0.01610305958132045 0.11733333333333333
0 0.9545088566827697 0.7333333333333333 0.0893719806763285 0.528
0 0.8969404186795491 0.7293333333333333 0.20450885668276972 0.4533333333333333
0 0.8272946859903382 0.6386666666666667 0.23671497584541062 0.30133333333333334
0 0.7632850241545893 0.6013333333333334 0.16022544283413848 0.24266666666666667
0 0.714170692431562 0.5866666666666667 0.17391304347826086 0.21333333333333335
0 0.6739130434782609 0.5706666666666667 0.15136876006441224 0.16533333333333333
0 0.6557971014492754 0.5453333333333333 0.1215780998389694 0.176
0 0.3442028985507246 0.536 0.10064412238325282 0.10933333333333334
0 0.3639291465378422 0.5266666666666666 0.08454106280193237 0.09866666666666667
0 0.5265700483091788 0.52 0.03542673107890499 0.08533333333333333
0 0.5104669887278583 0.5013333333333333 0.020933977455716585 0.058666666666666666
1 0.49516908212560384 0.47333333333333333 0.01288244766505636 0.048