0 0.05998389694041868 0.7973333333333333 0.11996779388083736 0.4
0 0.15217391304347827 0.8026666666666666 0.30434782608695654 0.3893333333333333
0 0.7898550724637681 0.748 0.3397745571658615 0.49866666666666665
0 0.8019323671497585 0.548 0.20128824476650564 0.2
0 0.3747987117552335 0.5626666666666666 0.07004830917874397 0.16
0 0.5797101449275363 0.5573333333333333 0.06360708534621579 0.16
1 0.39533011272141705 0.516 0.0571658615136876 0.176
0 0.5579710144927537 0.5386666666666666 0.05475040257648953 0.128
1 0.285829307568438 0.48533333333333334 0.1320450885668277 0.16
1 0.49315619967793883 0.47733333333333333 0.020128824476650563 0.072
1 0.6328502415458938 0.4533333333333333 0.08373590982286634 0.10666666666666667