0 0.4891304347826087 0.5026666666666667 0.01932367149758454 0.06133333333333333
0 0.9460547504025765 0.7706666666666667 0.10628019323671498 0.4533333333333333
0 0.43438003220611915 0.528 0.036231884057971016 0.096
0 0.6606280193236715 0.644 0.1360708534621578 0.30933333333333335
0 0.6006441223832528 0.584 0.09178743961352658 0.22933333333333333
0 0.5740740740740741 0.552 0.057971014492753624 0.17866666666666667
0 0.5466988727858293 0.5293333333333333 0.04186795491143317 0.10666666666666667
0 0.5245571658615137 0.5053333333333333 0.023349436392914653 0.06666666666666667
0 0.5374396135265701 0.5173333333333333 0.033011272141706925 0.09333333333333334
0 0.34581320450885666 0.52 0.050724637681159424 0.06133333333333333
0 0.28019323671497587 0.52 0.0571658615136876 0.064
3 0.6227858293075684 0.5186666666666667 0.018518518518518517 0.17866666666666667