0 0.5064412238325282 0.5746666666666667 0.06602254428341385 0.208
1 0.7628824476650563 0.6053333333333333 0.21578099838969403 0.5093333333333333
0 0.6421095008051529 0.5546666666666666 0.1280193236714976 0.19466666666666665
0 0.5748792270531401 0.5026666666666667 0.06521739130434782 0.09066666666666667
0 0.5523349436392915 0.496 0.043478260869565216 0.06666666666666667
0 0.5446859903381642 0.492 0.04106280193236715 0.05333333333333334
0 0.08373590982286634 0.5933333333333334 0.16747181964573268 0.24533333333333332
1 0.0853462157809984 0.584 0.1706924315619968 0.776
0 0.20128824476650564 0.5666666666666667 0.0998389694041868 0.16266666666666665
0 0.2773752012882448 0.548 0.06280193236714976 0.10133333333333333
0 0.36231884057971014 0.5133333333333333 0.03864734299516908 0.06666666666666667
0 0.3784219001610306 0.5013333333333333 0.02818035426731079 0.072
0 0.40458937198067635 0.49466666666666664 0.026570048309178744 0.050666666666666665
0 0.4367954911433172 0.49066666666666664 0.02576489533011272 0.037333333333333336
0 0.9533011272141707 0.5453333333333333 0.09178743961352658 0.10933333333333334
0 0.1292270531400966 0.5466666666666666 0.07648953301127215 0.128