0 0.961755233494364 0.5533333333333333 0.0748792270531401 0.35733333333333334
0 0.9134460547504025 0.5466666666666666 0.17149758454106281 0.25866666666666666
0 0.8272946859903382 0.528 0.13446054750402575 0.20266666666666666
0 0.8981481481481481 0.748 0.20209339774557167 0.49866666666666665
0 0.7443639291465378 0.7253333333333334 0.2278582930756844 0.44
0 0.1638486312399356 0.74 0.3276972624798712 0.5146666666666667
1 0.321658615136876 0.56 0.1537842190016103 0.376
0 0.7733494363929146 0.5066666666666667 0.1111111111111111 0.16533333333333333
0 0.7037037037037037 0.4866666666666667 0.11674718196457327 0.16266666666666665
1 0.7000805152979066 0.48 0.14090177133655393 0.15733333333333333
0 0.3828502415458937 0.5573333333333333 0.08132045088566828 0.20533333333333334
0 0.4106280193236715 0.52 0.05877616747181964 0.14666666666666667
2 0.5245571658615137 0.43466666666666665 0.07004830917874397 0.21866666666666668