3 0.9178743961352657 0.652 0.16264090177133655 0.6906666666666667
5 0.2926731078904992 0.5613333333333334 0.04830917874396135 0.25866666666666666
5 0.3148148148148148 0.5466666666666666 0.040257648953301126 0.208
1 0.4251207729468599 0.48933333333333334 0.07085346215780998 0.17866666666666667
4 0.05998389694041868 0.604 0.05314009661835749 0.18933333333333333
4 0.09541062801932366 0.5906666666666667 0.05877616747181964 0.176
3 0.09339774557165861 0.58 0.026570048309178744 0.23733333333333334
3 0.9259259259259259 0.672 0.13446054750402575 0.6506666666666666
3 0.7814009661835749 0.7506666666666667 0.05555555555555555 0.37333333333333335
3 0.8160225442834138 0.744 0.04911433172302738 0.37066666666666664
4 0.21859903381642512 0.5613333333333334 0.033816425120772944 0.13333333333333333
5 0.5088566827697263 0.5186666666666667 0.03462157809983897 0.12533333333333332
3 0.7463768115942029 0.5186666666666667 0.018518518518518517 0.15466666666666667
0 0.3603059581320451 0.5066666666666667 0.06038647342995169 0.06933333333333333