0 0.09178743961352658 0.6773333333333333 0.18357487922705315 0.64
0 0.8361513687600645 0.768 0.32608695652173914 0.45866666666666667
0 0.10305958132045089 0.616 0.20611916264090177 0.456
0 0.16143317230273752 0.6213333333333333 0.22946859903381642 0.304
0 0.20531400966183574 0.5773333333333334 0.21900161030595813 0.264
0 0.31239935587761675 0.5373333333333333 0.12560386473429952 0.152
0 0.3498389694041868 0.5093333333333333 0.09500805152979067 0.14666666666666667
0 0.5660225442834138 0.5413333333333333 0.05475040257648953 0.136
0 0.6666666666666666 0.652 0.1529790660225443 0.3413333333333333
0 0.5406602254428341 0.5053333333333333 0.03542673107890499 0.10133333333333333
0 0.38164251207729466 0.504 0.07890499194847021 0.096