0 0.30515297906602257 0.6533333333333333 0.1360708534621578 0.2693333333333333
0 0.1457326892109501 0.756 0.2914653784219002 0.4826666666666667
0 0.6642512077294686 0.5453333333333333 0.09339774557165861 0.184
0 0.3747987117552335 0.58 0.07809983896940419 0.17866666666666667
0 0.41626409017713367 0.56 0.04750402576489533 0.12
0 0.4303542673107891 0.5426666666666666 0.040257648953301126 0.10133333333333333
0 0.5487117552334944 0.532 0.039452495974235106 0.10933333333333334
0 0.6662640901771336 0.5093333333333333 0.12238325281803543 0.136
0 0.5636070853462157 0.5266666666666666 0.04589371980676329 0.09066666666666667
0 0.5909822866344605 0.5093333333333333 0.04750402576489533 0.08533333333333333
0 0.5241545893719807 0.4746666666666667 0.03140096618357488 0.034666666666666665