0 0.8011272141706924 0.748 0.2809983896940419 0.49866666666666665
0 0.4053945249597424 0.5146666666666667 0.07407407407407407 0.09333333333333334
3 0.3663446054750403 0.5266666666666666 0.015297906602254429 0.14666666666666667
5 0.7616747181964574 0.5426666666666666 0.07648953301127215 0.18666666666666668
0 0.5962157809983897 0.488 0.06521739130434782 0.08
0 0.7576489533011272 0.484 0.07809983896940419 0.07466666666666667
1 0.9601449275362319 0.4666666666666667 0.07809983896940419 0.09866666666666667
0 0.39573268921095006 0.5106666666666667 0.05555555555555555 0.07733333333333334
0 0.20772946859903382 0.5253333333333333 0.061191626409017714 0.08
0 0.47302737520128824 0.48533333333333334 0.01932367149758454 0.042666666666666665
0 0.44323671497584544 0.492 0.02254428341384863 0.04533333333333334