0 0.4685737308622079 0.5212765957446809 0.03384367445608381 0.10372340425531915
0 0.1579371474617244 0.7446808510638298 0.3158742949234488 0.5053191489361702
0 0.3150684931506849 0.6183510638297872 0.10394842868654311 0.22872340425531915
0 0.17284448025785656 0.6050531914893617 0.14101531023368252 0.2127659574468085
0 0.09186140209508462 0.5797872340425532 0.12731668009669622 0.1622340425531915
0 0.25302175664786464 0.5585106382978723 0.0749395648670427 0.13829787234042554
1 0.32473811442385175 0.5 0.0652699435938759 0.18351063829787234
0 0.21756647864625303 0.5452127659574468 0.07091055600322321 0.10904255319148937
0 0.34971796937953264 0.5226063829787234 0.037066881547139406 0.0797872340425532
2 0.4307010475423046 0.4601063829787234 0.023368251410153102 0.12234042553191489
0 0.2775987107171636 0.5212765957446809 0.043513295729250605 0.0851063829787234