0 0.49033816425120774 0.5053333333333333 0.01932367149758454 0.06133333333333333
0 0.892914653784219 0.7533333333333333 0.21256038647342995 0.488
0 0.4388083735909823 0.528 0.033816425120772944 0.09066666666666667
0 0.6457326892109501 0.628 0.11916264090177134 0.2773333333333333
0 0.5938003220611916 0.5773333333333334 0.08373590982286634 0.21333333333333335
0 0.570450885668277 0.548 0.05475040257648953 0.168
0 0.5454911433172303 0.5293333333333333 0.040257648953301126 0.10133333333333333
0 0.5245571658615137 0.504 0.02254428341384863 0.06666666666666667
0 0.3494363929146538 0.5186666666666667 0.04911433172302738 0.06133333333333333
0 0.28502415458937197 0.52 0.05555555555555555 0.064
3 0.6195652173913043 0.516 0.017713365539452495 0.17066666666666666