0 0.10909822866344605 0.712 0.2181964573268921 0.392
0 0.16465378421900162 0.656 0.25684380032206117 0.32266666666666666
0 0.21658615136876005 0.6106666666666667 0.17713365539452497 0.272
0 0.25161030595813205 0.592 0.19484702093397746 0.22933333333333333
0 0.2669082125603865 0.568 0.12962962962962962 0.18666666666666668
0 0.3083735909822866 0.564 0.12318840579710146 0.15733333333333333
0 0.3164251207729469 0.548 0.12560386473429952 0.14133333333333334
0 0.3494363929146538 0.5293333333333333 0.09178743961352658 0.12533333333333332
0 0.3607085346215781 0.5133333333333333 0.09420289855072464 0.144
5 0.45652173913043476 0.5106666666666667 0.008856682769726247 0.06933333333333333
0 0.6304347826086957 0.6306666666666667 0.10628019323671498 0.256
0 0.7053140096618358 0.5626666666666666 0.1497584541062802 0.19466666666666665
0 0.6006441223832528 0.5133333333333333 0.07326892109500806 0.10666666666666667
0 0.5249597423510467 0.5093333333333333 0.0249597423510467 0.06133333333333333