0 0.8655394524959742 0.748 0.2673107890499195 0.49866666666666665
0 0.1960547504025765 0.7613333333333333 0.2745571658615137 0.472
0 0.3055555555555556 0.6813333333333333 0.143317230273752 0.256
0 0.6360708534621579 0.6293333333333333 0.13446054750402575 0.2826666666666667
0 0.39895330112721417 0.5426666666666666 0.05152979066022544 0.12266666666666666
0 0.5563607085346216 0.5386666666666666 0.04750402576489533 0.12266666666666666
1 0.40982286634460546 0.5106666666666667 0.043478260869565216 0.14133333333333334
0 0.5414653784219001 0.5293333333333333 0.0426731078904992 0.10133333333333333
1 0.3144122383252818 0.48133333333333334 0.11191626409017713 0.13866666666666666
1 0.4915458937198068 0.4826666666666667 0.018518518518518517 0.06666666666666667
1 0.6175523349436393 0.4653333333333333 0.0748792270531401 0.096