0 0.4971819645732689 0.5253333333333333 0.040257648953301126 0.12533333333333332
0 0.2898550724637681 0.5746666666666667 0.08293075684380032 0.14933333333333335
0 0.711352657004831 0.5933333333333334 0.1747181964573269 0.288
0 0.6215780998389694 0.5426666666666666 0.11513687600644122 0.16266666666666665
0 0.607487922705314 0.5306666666666666 0.09259259259259259 0.136
0 0.5990338164251208 0.5106666666666667 0.07890499194847021 0.128
1 0.5656199677938808 0.48933333333333334 0.07326892109500806 0.11733333333333333
0 0.5523349436392915 0.49733333333333335 0.0571658615136876 0.07466666666666667
0 0.3272946859903382 0.5093333333333333 0.04508856682769726 0.088
1 0.43760064412238325 0.464 0.026570048309178744 0.08
0 0.35144927536231885 0.5053333333333333 0.03462157809983897 0.072
0 0.4025764895330113 0.48933333333333334 0.021739130434782608 0.042666666666666665
0 0.3031400966183575 0.5013333333333333 0.02818035426731079 0.064
0 0.10104669887278583 0.5133333333333333 0.033011272141706925 0.072