0 0.501207729468599 0.536 0.05958132045088567 0.16
0 0.07447665056360708 0.528 0.14895330112721417 0.22133333333333333
5 0.966988727858293 0.712 0.0644122383252818 0.528
1 0.6332528180354268 0.512 0.107085346215781 0.32266666666666666
3 0.28019323671497587 0.5866666666666667 0.04106280193236715 0.43733333333333335
1 0.20893719806763286 0.48 0.08856682769726248 0.15466666666666667
0 0.3285024154589372 0.5133333333333333 0.11755233494363929 0.19733333333333333
0 0.34863123993558776 0.5053333333333333 0.10789049919484701 0.14666666666666667
0 0.37399355877616747 0.508 0.10064412238325282 0.12533333333333332
0 0.4086151368760064 0.4826666666666667 0.06360708534621579 0.09866666666666667
0 0.4351851851851852 0.45866666666666667 0.04911433172302738 0.064
0 0.5760869565217391 0.5 0.0499194847020934 0.112
0 0.5595813204508857 0.4746666666666667 0.040257648953301126 0.104
3 0.535024154589372 0.4746666666666667 0.01288244766505636 0.09066666666666667
0 0.48752012882447665 0.48533333333333334 0.033011272141706925 0.10133333333333333
0 0.250805152979066 0.468 0.06038647342995169 0.08533333333333333