0 0.4967793880837359 0.524 0.03462157809983897 0.10933333333333334
0 0.04106280193236715 0.6306666666666667 0.0821256038647343 0.26666666666666666
0 0.8482286634460547 0.7026666666666667 0.22946859903381642 0.5306666666666666
0 0.748389694041868 0.62 0.18438003220611915 0.32266666666666666
0 0.6638486312399355 0.5813333333333334 0.14170692431561996 0.22133333333333333
0 0.6239935587761675 0.552 0.11352657004830918 0.19466666666666665
0 0.6107085346215781 0.54 0.10386473429951691 0.14666666666666667
0 0.5929951690821256 0.5253333333333333 0.09017713365539452 0.136
0 0.5785024154589372 0.512 0.07246376811594203 0.09066666666666667
0 0.42673107890499196 0.504 0.020128824476650563 0.048
0 0.5414653784219001 0.49333333333333335 0.04589371980676329 0.056
1 0.5322061191626409 0.484 0.039452495974235106 0.058666666666666666
0 0.40136876006441224 0.49333333333333335 0.020128824476650563 0.048