0 0.10587761674718196 0.6626666666666666 0.21175523349436393 0.3413333333333333
0 0.16988727858293076 0.6333333333333333 0.2584541062801932 0.28
0 0.21215780998389694 0.5973333333333334 0.20209339774557167 0.22933333333333333
0 0.8377616747181964 0.744 0.32286634460547503 0.5066666666666667
0 0.5889694041867954 0.5893333333333334 0.07004830917874397 0.16266666666666665
0 0.28703703703703703 0.5826666666666667 0.1392914653784219 0.18666666666666668
1 0.31280193236714976 0.5653333333333334 0.1143317230273752 0.18666666666666668
0 0.3385668276972625 0.5506666666666666 0.09098228663446055 0.14133333333333334
0 0.6392914653784219 0.548 0.0966183574879227 0.104
0 0.3719806763285024 0.5053333333333333 0.07890499194847021 0.136
1 0.5273752012882448 0.49333333333333335 0.029790660225442835 0.104
0 0.4005636070853462 0.5173333333333333 0.06280193236714976 0.06933333333333333
0 0.41626409017713367 0.5106666666666667 0.05555555555555555 0.07733333333333334
1 0.5157004830917874 0.48533333333333334 0.020933977455716585 0.08266666666666667