0 0.49114331723027377 0.5533333333333333 0.04830917874396135 0.13066666666666665
0 0.05475040257648953 0.7613333333333333 0.10950080515297907 0.472
0 0.22665056360708535 0.6066666666666667 0.1360708534621578 0.24533333333333332
0 0.355475040257649 0.6506666666666666 0.13446054750402575 0.272
0 0.3969404186795491 0.588 0.07004830917874397 0.19466666666666665
0 0.34057971014492755 0.5453333333333333 0.0821256038647343 0.12266666666666666
0 0.4504830917874396 0.512 0.02254428341384863 0.058666666666666666
3 0.8864734299516909 0.752 0.16505636070853463 0.49066666666666664
0 0.7725442834138486 0.7506666666666667 0.3003220611916264 0.49333333333333335
0 0.6404991948470209 0.652 0.1360708534621578 0.2773333333333333
0 0.5873590982286635 0.5733333333333334 0.071658615136876 0.18933333333333333
0 0.5289855072463768 0.5306666666666666 0.03140096618357488 0.08
2 0.5265700483091788 0.4653333333333333 0.039452495974235106 0.15733333333333333
0 0.48470209339774556 0.524 0.030595813204508857 0.09066666666666667
0 0.14774557165861513 0.5373333333333333 0.08373590982286634 0.10933333333333334