3 0.5645424836601307 0.4756756756756757 0.015522875816993464 0.15135135135135136
3 0.238562091503268 0.5297297297297298 0.032679738562091505 0.32432432432432434
3 0.5592320261437909 0.5891891891891892 0.05473856209150327 0.4027027027027027
3 0.6172385620915033 0.5648648648648649 0.04738562091503268 0.4189189189189189
3 0.5126633986928104 0.527027027027027 0.03104575163398693 0.2972972972972973
3 0.4848856209150327 0.5337837837837838 0.032679738562091505 0.3027027027027027
3 0.5657679738562091 0.5202702702702703 0.049019607843137254 0.27297297297297296
3 0.6000816993464052 0.5135135135135135 0.024509803921568627 0.25675675675675674
3 0.985702614379085 0.6310810810810811 0.02696078431372549 0.21351351351351353
3 0.3958333333333333 0.5324324324324324 0.027777777777777776 0.3027027027027027
3 0.4084967320261438 0.527027027027027 0.0196078431372549 0.25135135135135134
3 0.4387254901960784 0.5121621621621621 0.026143790849673203 0.27837837837837837
3 0.4681372549019608 0.5297297297297298 0.015522875816993464 0.23243243243243245
3 0.45016339869281047 0.5108108108108108 0.02287581699346405 0.24594594594594596
3 0.37949346405228757 0.4891891891891892 0.017973856209150325 0.1945945945945946
3 0.4354575163398693 0.4864864864864865 0.015522875816993464 0.1783783783783784
1 0.10947712418300654 0.49864864864864866 0.21895424836601307 0.9972972972972973