0 0.10789049919484701 0.632 0.20048309178743962 0.23466666666666666
0 0.2222222222222222 0.5733333333333334 0.13123993558776167 0.176
0 0.2584541062801932 0.552 0.1143317230273752 0.14933333333333335
0 0.2805958132045089 0.5466666666666666 0.107085346215781 0.12533333333333332
0 0.30636070853462155 0.5293333333333333 0.09903381642512077 0.128
0 0.3280998389694042 0.532 0.07971014492753623 0.10133333333333333
0 0.34822866344605474 0.52 0.0571658615136876 0.09066666666666667
0 0.36553945249597425 0.52 0.06038647342995169 0.06933333333333333
0 0.3747987117552335 0.5026666666666667 0.05233494363929147 0.08
0 0.3864734299516908 0.504 0.05314009661835749 0.072
0 0.39371980676328505 0.5013333333333333 0.0499194847020934 0.064