0 0.6284219001610306 0.632 0.11996779388083736 0.256
0 0.11312399355877617 0.7 0.22624798711755234 0.3626666666666667
0 0.15619967793880837 0.6426666666666667 0.23107890499194847 0.2853333333333333
0 0.19404186795491143 0.6226666666666667 0.20048309178743962 0.22933333333333333
0 0.24798711755233493 0.5973333333333334 0.16022544283413848 0.19733333333333333
0 0.5551529790660226 0.5586666666666666 0.061191626409017714 0.136
0 0.35507246376811596 0.548 0.10144927536231885 0.11466666666666667
0 0.5374396135265701 0.528 0.037037037037037035 0.08533333333333333
0 0.35507246376811596 0.54 0.07971014492753623 0.10933333333333334
0 0.36231884057971014 0.5186666666666667 0.06682769726247988 0.10933333333333334
0 0.5185185185185185 0.5 0.02254428341384863 0.06666666666666667