0 0.04428341384863124 0.7493333333333333 0.08856682769726248 0.48533333333333334
0 0.11553945249597423 0.6893333333333334 0.23107890499194847 0.3626666666666667
0 0.142914653784219 0.628 0.2632850241545894 0.2826666666666667
0 0.24476650563607086 0.588 0.1642512077294686 0.21333333333333335
0 0.2721417069243156 0.5586666666666666 0.15619967793880837 0.22933333333333333
5 0.428743961352657 0.5413333333333333 0.013687600644122383 0.10666666666666667
0 0.9049919484702094 0.7293333333333333 0.18840579710144928 0.5173333333333333
0 0.8691626409017713 0.68 0.26006441223832527 0.3546666666666667
0 0.7761674718196457 0.632 0.1932367149758454 0.256
0 0.7306763285024155 0.6 0.13687600644122383 0.21066666666666667
0 0.6916264090177133 0.5853333333333334 0.1529790660225443 0.18933333333333333
0 0.6582125603864735 0.5706666666666667 0.1360708534621578 0.14933333333333335
0 0.643719806763285 0.5493333333333333 0.11030595813204509 0.16
0 0.355475040257649 0.54 0.09339774557165861 0.10133333333333333
0 0.37318840579710144 0.5413333333333333 0.07890499194847021 0.09333333333333334
0 0.5265700483091788 0.5346666666666666 0.033011272141706925 0.08266666666666667
0 0.5116747181964574 0.512 0.020128824476650563 0.056
1 0.4967793880837359 0.4826666666666667 0.012077294685990338 0.048