0 0.46817082997582593 0.5212765957446809 0.03384367445608381 0.10106382978723404
0 0.14544721998388396 0.7460106382978723 0.2908944399677679 0.5026595744680851
0 0.30096696212731666 0.6316489361702128 0.1168412570507655 0.25
0 0.14222401289282838 0.6210106382978723 0.1651893634165995 0.2393617021276596
0 0.06607574536663981 0.589095744680851 0.13215149073327961 0.17553191489361702
0 0.23569701853344077 0.5651595744680851 0.08460918614020951 0.15159574468085107
1 0.3174858984689766 0.5013297872340425 0.07091055600322321 0.19414893617021275
0 0.20346494762288478 0.5492021276595744 0.07735697018533441 0.11436170212765957
0 0.3448831587429492 0.5252659574468085 0.0394842868654311 0.08244680851063829
2 0.4315068493150685 0.4601063829787234 0.0249798549556809 0.125
0 0.2695406929895246 0.523936170212766 0.046736502820306204 0.08776595744680851