0 0.5132850241545893 0.564 0.06521739130434782 0.176
0 0.25644122383252815 0.52 0.06843800322061191 0.11466666666666667
5 0.6904186795491143 0.54 0.07004830917874397 0.17333333333333334
1 0.5640096618357487 0.492 0.04750402576489533 0.16266666666666665
3 0.4037842190016103 0.5173333333333333 0.015297906602254429 0.17333333333333334
1 0.3325281803542673 0.49066666666666664 0.03864734299516908 0.08266666666666667
0 0.394524959742351 0.5186666666666667 0.07246376811594203 0.10933333333333334
0 0.4134460547504026 0.5106666666666667 0.06682769726247988 0.07733333333333334
0 0.4303542673107891 0.496 0.0499194847020934 0.06933333333333333
0 0.4468599033816425 0.4826666666666667 0.037037037037037035 0.048
0 0.4851046698872786 0.5173333333333333 0.036231884057971016 0.10666666666666667
0 0.3111916264090177 0.49733333333333335 0.039452495974235106 0.06133333333333333