0 0.4975845410628019 0.5306666666666666 0.04830917874396135 0.13066666666666665
0 0.17592592592592593 0.6653333333333333 0.20531400966183574 0.33066666666666666
0 0.2584541062801932 0.616 0.15217391304347827 0.232
0 0.3272946859903382 0.5426666666666666 0.08695652173913043 0.14666666666666667
0 0.41586151368760066 0.5653333333333334 0.06924315619967794 0.14666666666666667
0 0.3824476650563607 0.52 0.061996779388083734 0.09066666666666667
1 0.8047504025764896 0.528 0.3888888888888889 0.9386666666666666
0 0.6159420289855072 0.5826666666666667 0.10386473429951691 0.22933333333333333
0 0.5813204508856683 0.552 0.07004830917874397 0.14933333333333335
0 0.5611916264090178 0.512 0.04669887278582931 0.128
0 0.5281803542673108 0.496 0.0249597423510467 0.064
0 0.03864734299516908 0.66 0.07729468599033816 0.2693333333333333
1 0.11996779388083736 0.556 0.1932367149758454 0.32266666666666666
0 0.4943639291465378 0.508 0.03140096618357488 0.09333333333333334
0 0.023752012882447666 0.5666666666666667 0.04750402576489533 0.15466666666666667