0 0.5024154589371981 0.5493333333333333 0.057971014492753624 0.18133333333333335
0 0.8856682769726248 0.7 0.22705314009661837 0.5946666666666667
1 0.6763285024154589 0.5373333333333333 0.16264090177133655 0.312
0 0.6095008051529791 0.5213333333333333 0.10064412238325282 0.14933333333333335
0 0.5644122383252818 0.4866666666666667 0.05877616747181964 0.08
0 0.5479066022544283 0.4826666666666667 0.040257648953301126 0.06133333333333333
0 0.16706924315619967 0.556 0.1247987117552335 0.184
1 0.3035426731078905 0.48533333333333334 0.11191626409017713 0.2826666666666667
0 0.250402576489533 0.5373333333333333 0.07568438003220612 0.13066666666666665
0 0.3023349436392915 0.5266666666666666 0.05233494363929147 0.08533333333333333
0 0.37037037037037035 0.496 0.033816425120772944 0.06133333333333333
0 0.38486312399355876 0.48533333333333334 0.0249597423510467 0.064
0 0.4082125603864734 0.4826666666666667 0.024154589371980676 0.048
0 0.893719806763285 0.5293333333333333 0.11030595813204509 0.09333333333333334
0 0.18115942028985507 0.5333333333333333 0.06038647342995169 0.10666666666666667