0 0.8442028985507246 0.6973333333333334 0.30998389694041867 0.6
0 0.6960547504025765 0.644 0.20209339774557167 0.504
0 0.6195652173913043 0.584 0.09178743961352658 0.24266666666666667
3 0.5644122383252818 0.504 0.01288244766505636 0.13066666666666665
3 0.5636070853462157 0.5066666666666667 0.011272141706924315 0.12533333333333332
0 0.4331723027375201 0.5093333333333333 0.02818035426731079 0.09066666666666667
3 0.5064412238325282 0.49733333333333335 0.007246376811594203 0.07466666666666667
0 0.33454106280193235 0.5853333333333334 0.07971014492753623 0.176
0 0.09742351046698873 0.7626666666666667 0.19484702093397746 0.4693333333333333
0 0.21980676328502416 0.6613333333333333 0.17552334943639292 0.3413333333333333
3 0.3663446054750403 0.5293333333333333 0.008856682769726247 0.09066666666666667