0 0.5112721417069244 0.576 0.05636070853462158 0.176
0 0.6847826086956522 0.5826666666666667 0.14251207729468598 0.24
0 0.6034621578099839 0.5426666666666666 0.07568438003220612 0.128
0 0.5740740740740741 0.5293333333333333 0.06521739130434782 0.09066666666666667
0 0.25644122383252815 0.6133333333333333 0.11191626409017713 0.20266666666666666
0 0.4005636070853462 0.5373333333333333 0.040257648953301126 0.09333333333333334
0 0.4464573268921095 0.516 0.027375201288244767 0.064
0 0.2524154589371981 0.5773333333333334 0.0853462157809984 0.13066666666666665
0 0.30152979066022545 0.5453333333333333 0.05475040257648953 0.12
0 0.48470209339774556 0.504 0.021739130434782608 0.04
0 0.357487922705314 0.532 0.04106280193236715 0.07733333333333334
0 0.4134460547504026 0.52 0.037037037037037035 0.05333333333333334
0 0.12681159420289856 0.5666666666666667 0.09259259259259259 0.13333333333333333
0 0.13083735909822866 0.5413333333333333 0.0893719806763285 0.09333333333333334
0 0.5301932367149759 0.5013333333333333 0.021739130434782608 0.042666666666666665