0 0.8675523349436393 0.7293333333333333 0.2632850241545894 0.536
0 0.04830917874396135 0.696 0.0966183574879227 0.6026666666666667
0 0.09702093397745572 0.6786666666666666 0.19404186795491143 0.336
0 0.20048309178743962 0.6306666666666667 0.21014492753623187 0.256
0 0.2612721417069243 0.6013333333333334 0.17552334943639292 0.22666666666666666
0 0.2834138486312399 0.58 0.12962962962962962 0.20533333333333334
0 0.3027375201288245 0.5626666666666666 0.15056360708534622 0.18133333333333335
0 0.3059581320450886 0.552 0.10305958132045089 0.14933333333333335
0 0.3389694041867955 0.5426666666666666 0.10064412238325282 0.13066666666666665
0 0.36996779388083734 0.528 0.07890499194847021 0.10933333333333334
0 0.37681159420289856 0.5066666666666667 0.0821256038647343 0.12533333333333332
5 0.46215780998389694 0.5013333333333333 0.007246376811594203 0.06133333333333333
0 0.5966183574879227 0.5866666666666667 0.07326892109500806 0.184
0 0.6666666666666666 0.5426666666666666 0.11916264090177134 0.15733333333333333
0 0.5905797101449275 0.508 0.06521739130434782 0.096
0 0.5233494363929146 0.5093333333333333 0.02254428341384863 0.056