0 0.9569243156199678 0.6826666666666666 0.08454106280193237 0.5573333333333333
0 0.13325281803542674 0.764 0.2665056360708535 0.4666666666666667
0 0.3256843800322061 0.672 0.13848631239935588 0.30666666666666664
0 0.3832528180354267 0.6026666666666667 0.09178743961352658 0.20533333333333334
0 0.6143317230273752 0.5866666666666667 0.0748792270531401 0.224
0 0.8973429951690821 0.608 0.2037037037037037 0.392
0 0.4227053140096618 0.54 0.04669887278582931 0.136
0 0.4307568438003221 0.536 0.05152979066022544 0.09866666666666667
0 0.4001610305958132 0.4866666666666667 0.050724637681159424 0.058666666666666666
0 0.6231884057971014 0.5506666666666666 0.071658615136876 0.16
0 0.6610305958132046 0.524 0.07326892109500806 0.14133333333333334
0 0.8252818035426731 0.496 0.08132045088566828 0.11466666666666667
0 0.7789855072463768 0.476 0.06843800322061191 0.07733333333333334