0 0.05636070853462158 0.744 0.11272141706924316 0.5066666666666667
0 0.5281803542673108 0.5226666666666666 0.030595813204508857 0.072
0 0.37318840579710144 0.528 0.0853462157809984 0.10133333333333333
0 0.6388888888888888 0.5533333333333333 0.10869565217391304 0.13333333333333333
0 0.27898550724637683 0.56 0.1529790660225443 0.20533333333333334
0 0.2580515297906602 0.5853333333333334 0.18276972624798712 0.20266666666666666
0 0.2318840579710145 0.616 0.20209339774557167 0.24266666666666667
0 0.15539452495974235 0.6413333333333333 0.23268921095008052 0.2906666666666667
0 0.12238325281803543 0.704 0.24476650563607086 0.4053333333333333
0 0.7733494363929146 0.612 0.18438003220611915 0.24533333333333332
0 0.8369565217391305 0.6466666666666666 0.2286634460547504 0.27466666666666667