0 0.8639291465378421 0.728 0.27053140096618356 0.5386666666666666
0 0.6996779388083736 0.6586666666666666 0.1996779388083736 0.5013333333333333
0 0.6171497584541062 0.5613333333333334 0.11030595813204509 0.30133333333333334
0 0.5833333333333334 0.5426666666666666 0.061996779388083734 0.176
3 0.5406602254428341 0.488 0.01288244766505636 0.10933333333333334
3 0.5471014492753623 0.492 0.011272141706924315 0.10666666666666667
0 0.4384057971014493 0.49333333333333335 0.0249597423510467 0.08266666666666667
3 0.49597423510466987 0.484 0.00644122383252818 0.06933333333333333
0 0.36553945249597425 0.5493333333333333 0.05877616747181964 0.136
0 0.08252818035426732 0.764 0.16505636070853463 0.4666666666666667
0 0.20048309178743962 0.6893333333333334 0.20128824476650564 0.368
0 0.30152979066022545 0.5906666666666667 0.10628019323671498 0.224