0 0.10990338164251208 0.72 0.21980676328502416 0.4613333333333333
0 0.1292270531400966 0.652 0.2431561996779388 0.3626666666666667
0 0.18840579710144928 0.6146666666666667 0.250402576489533 0.2906666666666667
0 0.22020933977455717 0.5813333333333334 0.16022544283413848 0.224
0 0.2749597423510467 0.5813333333333334 0.14814814814814814 0.18666666666666668
0 0.2886473429951691 0.5653333333333334 0.14653784219001612 0.16533333333333333
0 0.33011272141706927 0.5293333333333333 0.10386473429951691 0.14133333333333334
0 0.3446054750402576 0.5186666666666667 0.10547504025764895 0.16
5 0.45088566827697263 0.5146666666666667 0.00966183574879227 0.07733333333333334
0 0.6747181964573269 0.684 0.1529790660225443 0.3466666666666667
0 0.7463768115942029 0.58 0.18438003220611915 0.23466666666666666
0 0.6690821256038647 0.5613333333333334 0.11030595813204509 0.152
0 0.6163446054750402 0.5346666666666666 0.0966183574879227 0.10666666666666667
0 0.6103059581320451 0.5226666666666666 0.08051529790660225 0.11733333333333333
0 0.3884863123993559 0.5173333333333333 0.07246376811594203 0.08
0 0.40177133655394526 0.52 0.06280193236714976 0.07466666666666667
0 0.5253623188405797 0.512 0.026570048309178744 0.06666666666666667