1 0.9947665056360708 0.5466666666666666 0.008856682769726247 0.464
0 0.13285024154589373 0.7573333333333333 0.26570048309178745 0.48
0 0.2834138486312399 0.652 0.16586151368760063 0.31466666666666665
0 0.9090177133655395 0.512 0.11835748792270531 0.23733333333333334
0 0.7983091787439613 0.528 0.107085346215781 0.18933333333333333
0 0.7423510466988728 0.5186666666666667 0.09017713365539452 0.16533333333333333
0 0.7198067632850241 0.5146666666666667 0.08856682769726248 0.13866666666666666
0 0.6952495974235104 0.508 0.0853462157809984 0.13066666666666665
0 0.678743961352657 0.5093333333333333 0.0853462157809984 0.10666666666666667
0 0.5857487922705314 0.5613333333333334 0.07326892109500806 0.192
0 0.5652173913043478 0.544 0.04911433172302738 0.12
0 0.39573268921095006 0.544 0.0644122383252818 0.14933333333333335
1 0.4174718196457327 0.5133333333333333 0.05314009661835749 0.14666666666666667
0 0.6155394524959742 0.488 0.06280193236714976 0.09333333333333334
2 0.5128824476650563 0.452 0.04428341384863124 0.152