3 0.5588235294117647 0.4689189189189189 0.014705882352941176 0.15405405405405406
3 0.22508169934640523 0.5351351351351351 0.031862745098039214 0.32972972972972975
3 0.8084150326797386 0.6810810810810811 0.17892156862745098 0.6324324324324324
3 0.8905228758169934 0.6567567567567567 0.1895424836601307 0.6810810810810811
3 0.6376633986928104 0.6108108108108108 0.06290849673202614 0.44594594594594594
3 0.5784313725490197 0.6081081081081081 0.04738562091503268 0.43243243243243246
3 0.7095588235294118 0.6013513513513513 0.05310457516339869 0.44594594594594594
3 0.766748366013072 0.6067567567567568 0.04330065359477124 0.42702702702702705
3 0.7965686274509803 0.5527027027027027 0.03594771241830065 0.21081081081081082
3 0.4207516339869281 0.5972972972972973 0.0392156862745098 0.4189189189189189
3 0.44812091503267976 0.5905405405405405 0.024509803921568627 0.35135135135135137
3 0.48161764705882354 0.5689189189189189 0.035130718954248366 0.3837837837837838
3 0.5175653594771242 0.5864864864864865 0.027777777777777776 0.31351351351351353
3 0.5318627450980392 0.5527027027027027 0.03104575163398693 0.33783783783783783
3 0.40236928104575165 0.5108108108108108 0.024509803921568627 0.24864864864864866
3 0.4681372549019608 0.5108108108108108 0.022058823529411766 0.22702702702702704
3 0.49673202614379086 0.5067567567567568 0.02369281045751634 0.24864864864864866
3 0.5416666666666666 0.5 0.03349673202614379 0.23513513513513515
1 0.1090686274509804 0.49864864864864866 0.2181372549019608 0.9972972972972973