3 0.5690359477124183 0.4783783783783784 0.014705882352941176 0.15675675675675677
3 0.23937908496732027 0.5310810810810811 0.03104575163398693 0.32432432432432434
3 0.7757352941176471 0.6918918918918919 0.08169934640522876 0.6108108108108108
3 0.7577614379084967 0.6310810810810811 0.06535947712418301 0.5243243243243243
3 0.6870915032679739 0.6743243243243243 0.11519607843137254 0.6027027027027027
3 0.7071078431372549 0.6905405405405406 0.07924836601307189 0.6135135135135135
3 0.47875816993464054 0.5121621621621621 0.031862745098039214 0.25675675675675674
3 0.508578431372549 0.49594594594594593 0.032679738562091505 0.26756756756756755
3 0.4730392156862745 0.49324324324324326 0.02696078431372549 0.22432432432432434
3 0.44607843137254904 0.5 0.029411764705882353 0.23243243243243245
3 0.49959150326797386 0.4864864864864865 0.028594771241830064 0.1864864864864865
3 0.37173202614379086 0.5 0.02042483660130719 0.23513513513513515
3 0.3925653594771242 0.49864864864864866 0.017973856209150325 0.2
3 0.4089052287581699 0.4837837837837838 0.021241830065359478 0.22432432432432434
3 0.4334150326797386 0.5054054054054054 0.017973856209150325 0.1864864864864865
1 0.10947712418300654 0.49864864864864866 0.21895424836601307 0.9972972972972973