0 0.13848631239935588 0.7746666666666666 0.27697262479871176 0.44533333333333336
1 0.3276972624798712 0.5693333333333334 0.17149758454106281 0.512
0 0.8136070853462157 0.6653333333333333 0.3711755233494364 0.45066666666666666
0 0.0889694041867955 0.7773333333333333 0.177938808373591 0.44
0 0.6163446054750402 0.5506666666666666 0.1642512077294686 0.22133333333333333
1 0.4174718196457327 0.528 0.071658615136876 0.20266666666666666
0 0.2069243156199678 0.6653333333333333 0.15539452495974235 0.296
0 0.53341384863124 0.5173333333333333 0.033816425120772944 0.096
0 0.5197262479871175 0.5093333333333333 0.030595813204508857 0.09333333333333334
3 0.47101449275362317 0.4866666666666667 0.007246376811594203 0.056
3 0.4742351046698873 0.488 0.005636070853462158 0.05333333333333334
0 0.4468599033816425 0.488 0.013687600644122383 0.048