0 0.06682769726247988 0.636 0.13365539452495975 0.4106666666666667
0 0.1638486312399356 0.6213333333333333 0.2922705314009662 0.304
1 0.2028985507246377 0.484 0.29549114331723025 0.456
0 0.6831723027375202 0.6906666666666667 0.18840579710144928 0.38666666666666666
0 0.7592592592592593 0.5866666666666667 0.16183574879227053 0.208
0 0.6904186795491143 0.5586666666666666 0.15780998389694043 0.16533333333333333
0 0.30998389694041867 0.5333333333333333 0.13043478260869565 0.152
0 0.5205314009661836 0.49333333333333335 0.020933977455716585 0.050666666666666665
0 0.4142512077294686 0.488 0.05636070853462158 0.06933333333333333
0 0.5829307568438004 0.508 0.06360708534621579 0.08
0 0.37359098228663445 0.5173333333333333 0.08776167471819646 0.10666666666666667
0 0.6256038647342995 0.516 0.08051529790660225 0.10933333333333334