1 0.9516908212560387 0.5386666666666666 0.09500805152979067 0.44533333333333336
0 0.1719001610305958 0.752 0.2616747181964573 0.49066666666666664
0 0.30998389694041867 0.6213333333333333 0.1360708534621578 0.26666666666666666
0 0.8683574879227053 0.508 0.10950080515297907 0.21333333333333335
0 0.7705314009661836 0.5186666666666667 0.09903381642512077 0.17066666666666666
0 0.7226247987117552 0.5146666666666667 0.08373590982286634 0.152
0 0.7028985507246377 0.5133333333333333 0.08293075684380032 0.13066666666666665
0 0.6823671497584541 0.5 0.08051529790660225 0.12266666666666666
0 0.5772946859903382 0.552 0.06602254428341385 0.17333333333333334
0 0.5599838969404187 0.54 0.04508856682769726 0.112
0 0.40136876006441224 0.536 0.05958132045088567 0.13866666666666666
1 0.4214975845410628 0.5053333333333333 0.04911433172302738 0.13866666666666666
0 0.6090982286634461 0.48533333333333334 0.06038647342995169 0.088
2 0.5112721417069244 0.452 0.043478260869565216 0.14666666666666667