0 0.13083735909822866 0.7546666666666667 0.2616747181964573 0.48533333333333334
0 0.9070048309178744 0.752 0.18438003220611915 0.49066666666666664
1 0.9738325281803543 0.49333333333333335 0.050724637681159424 0.352
1 0.9009661835748792 0.524 0.1964573268921095 0.4106666666666667
0 0.2753623188405797 0.6653333333333333 0.1529790660225443 0.3253333333333333
0 0.3498389694041868 0.5946666666666667 0.09903381642512077 0.208
0 0.8115942028985508 0.5106666666666667 0.09500805152979067 0.176
0 0.7302737520128825 0.5213333333333333 0.0861513687600644 0.144
0 0.6952495974235104 0.5106666666666667 0.07326892109500806 0.13066666666666665
0 0.6807568438003221 0.516 0.07407407407407407 0.11466666666666667
0 0.6630434782608695 0.5026666666666667 0.07246376811594203 0.10666666666666667
0 0.5664251207729468 0.5506666666666666 0.0571658615136876 0.14666666666666667
0 0.4142512077294686 0.5386666666666666 0.050724637681159424 0.12
1 0.42995169082125606 0.508 0.043478260869565216 0.12533333333333332
0 0.6026570048309179 0.492 0.05555555555555555 0.08
2 0.5124798711755234 0.46 0.039452495974235106 0.13866666666666666