0 0.9255233494363929 0.8306666666666667 0.1473429951690821 0.3333333333333333
0 0.3884863123993559 0.612 0.09098228663446055 0.24533333333333332
0 0.7459742351046699 0.7813333333333333 0.2286634460547504 0.432
0 0.6199677938808373 0.652 0.10225442834138486 0.2826666666666667
0 0.571256038647343 0.6 0.06924315619967794 0.18666666666666668
0 0.41545893719806765 0.5946666666666667 0.05636070853462158 0.168
0 0.5519323671497585 0.5653333333333334 0.0499194847020934 0.13066666666666665
0 0.534621578099839 0.5493333333333333 0.03864734299516908 0.104
0 0.44847020933977455 0.536 0.02818035426731079 0.08
0 0.4605475040257649 0.5213333333333333 0.0249597423510467 0.08533333333333333
0 0.47101449275362317 0.5213333333333333 0.023349436392914653 0.072