0 0.13365539452495975 0.7613333333333333 0.2673107890499195 0.472
0 0.9581320450885669 0.5586666666666666 0.0821256038647343 0.31733333333333336
0 0.8828502415458938 0.532 0.13285024154589373 0.25866666666666666
0 0.821658615136876 0.524 0.12318840579710146 0.20266666666666666
0 0.7761674718196457 0.512 0.11513687600644122 0.17866666666666667
0 0.7443639291465378 0.5133333333333333 0.11030595813204509 0.14133333333333334
0 0.6549919484702094 0.62 0.13285024154589373 0.31733333333333336
0 0.6042673107890499 0.568 0.07246376811594203 0.17066666666666666
0 0.36553945249597425 0.5786666666666667 0.09903381642512077 0.216
1 0.40499194847020936 0.528 0.07326892109500806 0.19466666666666665
0 0.6497584541062802 0.47733333333333333 0.07890499194847021 0.112
0 0.4416264090177134 0.5173333333333333 0.039452495974235106 0.10133333333333333
0 0.4806763285024155 0.49066666666666664 0.05233494363929147 0.06133333333333333
2 0.5249597423510467 0.444 0.050724637681159424 0.176