0 0.4573268921095008 0.5413333333333333 0.03864734299516908 0.10133333333333333
0 0.1501610305958132 0.7813333333333333 0.3003220611916264 0.432
0 0.0889694041867955 0.7306666666666667 0.177938808373591 0.4693333333333333
0 0.27979066022544286 0.58 0.12238325281803543 0.15733333333333333
0 0.321658615136876 0.556 0.09017713365539452 0.144
0 0.3611111111111111 0.54 0.07729468599033816 0.09866666666666667
0 0.3828502415458937 0.536 0.0571658615136876 0.088
1 0.394524959742351 0.5066666666666667 0.05958132045088567 0.096
0 0.606682769726248 0.632 0.11191626409017713 0.2693333333333333
0 0.5752818035426731 0.5906666666666667 0.0644122383252818 0.17333333333333334
0 0.5462962962962963 0.56 0.0571658615136876 0.13866666666666666
2 0.5245571658615137 0.4613333333333333 0.05636070853462158 0.24266666666666667
0 0.18438003220611915 0.5506666666666666 0.07246376811594203 0.10666666666666667
0 0.4669887278582931 0.5226666666666666 0.028985507246376812 0.08266666666666667