3 0.042270531400966184 0.5066666666666667 0.03140096618357488 0.14933333333333335
3 0.39855072463768115 0.48133333333333334 0.010466988727858293 0.09866666666666667
0 0.37600644122383253 0.4693333333333333 0.04428341384863124 0.112
0 0.4057971014492754 0.4746666666666667 0.043478260869565216 0.08266666666666667
0 0.44887278582930756 0.47333333333333333 0.05233494363929147 0.072
1 0.5664251207729468 0.45466666666666666 0.05152979066022544 0.09333333333333334
0 0.5881642512077294 0.46266666666666667 0.03864734299516908 0.06133333333333333
0 0.6211755233494364 0.45866666666666667 0.04186795491143317 0.06666666666666667
0 0.6469404186795491 0.4653333333333333 0.04830917874396135 0.05333333333333334
0 0.6698872785829307 0.464 0.03542673107890499 0.05333333333333334
0 0.6900161030595813 0.4666666666666667 0.039452495974235106 0.050666666666666665
0 0.711755233494364 0.4613333333333333 0.04669887278582931 0.05333333333333334
1 0.748792270531401 0.44533333333333336 0.0499194847020934 0.07466666666666667
0 0.7677133655394525 0.45466666666666666 0.04428341384863124 0.050666666666666665
0 0.785024154589372 0.456 0.03864734299516908 0.04533333333333334