0 0.4786634460547504 0.5453333333333333 0.04669887278582931 0.12533333333333332
0 0.18840579710144928 0.76 0.32286634460547503 0.4746666666666667
0 0.3272946859903382 0.6666666666666666 0.13687600644122383 0.30666666666666664
0 0.21698872785829307 0.6306666666666667 0.14090177133655393 0.24266666666666667
0 0.3272946859903382 0.548 0.08695652173913043 0.12533333333333332
0 0.3474235104669887 0.5333333333333333 0.08051529790660225 0.12266666666666666
0 0.37278582930756843 0.5226666666666666 0.057971014492753624 0.08266666666666667
0 0.43800322061191627 0.516 0.033816425120772944 0.08
0 0.3977455716586151 0.5026666666666667 0.05555555555555555 0.072
0 0.750805152979066 0.7266666666666667 0.24798711755233493 0.5413333333333333
0 0.5438808373590982 0.5373333333333333 0.04669887278582931 0.11466666666666667
2 0.5370370370370371 0.4493333333333333 0.05394524959742351 0.208
3 0.5901771336553945 0.5053333333333333 0.008856682769726247 0.11733333333333333
0 0.13043478260869565 0.5506666666666666 0.09822866344605476 0.11733333333333333
0 0.4826892109500805 0.5146666666666667 0.028985507246376812 0.088