1 0.18679549114331723 0.5213333333333333 0.37359098228663445 0.952
0 0.9162640901771336 0.7693333333333333 0.16586151368760063 0.456
0 0.6936392914653784 0.6053333333333333 0.2576489533011272 0.3413333333333333
1 0.392512077294686 0.564 0.10869565217391304 0.2986666666666667
0 0.09017713365539452 0.7693333333333333 0.18035426731078905 0.456
3 0.8510466988727858 0.5226666666666666 0.023349436392914653 0.208
3 0.6006441223832528 0.5146666666666667 0.013687600644122383 0.13066666666666665
0 0.5487117552334944 0.5373333333333333 0.04106280193236715 0.11466666666666667
0 0.533816425120773 0.5226666666666666 0.036231884057971016 0.10933333333333334
3 0.48148148148148145 0.492 0.008051529790660225 0.06133333333333333
3 0.4859098228663446 0.49466666666666664 0.00644122383252818 0.058666666666666666
0 0.4492753623188406 0.496 0.015297906602254429 0.05333333333333334