0 0.46817082997582593 0.5212765957446809 0.033037872683319904 0.09840425531914894
0 0.12812248186946013 0.7473404255319149 0.25624496373892025 0.5
0 0.28364222401289285 0.6502659574468085 0.13376309427880742 0.27925531914893614
0 0.09871071716357777 0.6449468085106383 0.19742143432715553 0.27925531914893614
0 0.05116841257050766 0.598404255319149 0.10233682514101532 0.19148936170212766
0 0.21595487510072522 0.5731382978723404 0.09669621273166801 0.16489361702127658
1 0.30942788074133765 0.5026595744680851 0.07735697018533441 0.2074468085106383
0 0.18694601128122482 0.5545212765957447 0.08460918614020951 0.12234042553191489
0 0.34004834810636586 0.526595744680851 0.041901692183722805 0.08776595744680851
2 0.4323126510878324 0.4587765957446808 0.0257856567284448 0.1276595744680851
0 0.2610797743755036 0.5252659574468085 0.0499597099113618 0.09308510638297872