0 0.4971819645732689 0.532 0.0426731078904992 0.11466666666666667
0 0.19887278582930756 0.644 0.15056360708534622 0.2826666666666667
0 0.26247987117552335 0.588 0.14009661835748793 0.23733333333333334
0 0.33011272141706927 0.5466666666666666 0.09420289855072464 0.13066666666666665
0 0.4303542673107891 0.5533333333333333 0.05314009661835749 0.128
0 0.4468599033816425 0.532 0.043478260869565216 0.112
0 0.3852657004830918 0.5133333333333333 0.07407407407407407 0.09866666666666667
0 0.6268115942028986 0.616 0.10628019323671498 0.24266666666666667
2 0.5901771336553945 0.44533333333333336 0.09581320450885668 0.3413333333333333
3 0.6630434782608695 0.5426666666666666 0.017713365539452495 0.2
0 0.537842190016103 0.5053333333333333 0.029790660225442835 0.08
2 0.5201288244766505 0.45066666666666666 0.030595813204508857 0.128
0 0.4915458937198068 0.5066666666666667 0.02818035426731079 0.08533333333333333
0 0.19766505636070852 0.5253333333333333 0.06843800322061191 0.10133333333333333