0 0.49315619967793883 0.5386666666666666 0.04508856682769726 0.12266666666666666
0 0.22544283413848631 0.6506666666666666 0.18035426731078905 0.31733333333333336
0 0.30112721417069244 0.5826666666666667 0.14895330112721417 0.288
0 0.3611111111111111 0.556 0.107085346215781 0.14666666666666667
0 0.3711755233494364 0.54 0.09420289855072464 0.128
0 0.3973429951690821 0.5146666666666667 0.06602254428341385 0.088
0 0.41505636070853463 0.5093333333333333 0.0571658615136876 0.08
1 0.6211755233494364 0.5306666666666666 0.11996779388083736 0.32266666666666666
0 0.5426731078904992 0.508 0.027375201288244767 0.06933333333333333
1 0.5237520128824477 0.4746666666666667 0.023349436392914653 0.08
0 0.4887278582930757 0.5093333333333333 0.028985507246376812 0.08533333333333333
0 0.057971014492753624 0.6533333333333333 0.11594202898550725 0.30133333333333334
0 0.07447665056360708 0.5546666666666666 0.14412238325281804 0.15733333333333333
1 0.2431561996779388 0.512 0.09742351046698873 0.216
0 0.17351046698872785 0.5226666666666666 0.07890499194847021 0.128