0 0.09863123993558776 0.772 0.1972624798711755 0.45066666666666666
0 0.5885668276972624 0.5733333333333334 0.08293075684380032 0.20266666666666666
0 0.1996779388083736 0.5653333333333334 0.13687600644122383 0.16266666666666665
0 0.6988727858293076 0.684 0.17391304347826086 0.38133333333333336
0 0.5640096618357487 0.5413333333333333 0.05233494363929147 0.144
0 0.37399355877616747 0.548 0.05877616747181964 0.13333333333333333
0 0.3969404186795491 0.5226666666666666 0.04508856682769726 0.12533333333333332
0 0.8393719806763285 0.7586666666666667 0.3196457326892109 0.47733333333333333
0 0.4170692431561997 0.516 0.03542673107890499 0.10133333333333333
1 0.5277777777777778 0.4653333333333333 0.036231884057971016 0.13066666666666665
0 0.4392109500805153 0.496 0.018518518518518517 0.04