0 0.499597423510467 0.5373333333333333 0.0426731078904992 0.13333333333333333
0 0.055152979066022546 0.7733333333333333 0.11030595813204509 0.408
0 0.8836553945249598 0.7186666666666667 0.23107890499194847 0.5573333333333333
0 0.678341384863124 0.5933333333333334 0.15619967793880837 0.25066666666666665
0 0.6501610305958132 0.5586666666666666 0.1215780998389694 0.192
0 0.6292270531400966 0.5333333333333333 0.09822866344605476 0.16533333333333333
1 0.5837359098228664 0.5026666666666667 0.08695652173913043 0.144
0 0.5640096618357487 0.5093333333333333 0.06521739130434782 0.088
0 0.5426731078904992 0.49333333333333335 0.043478260869565216 0.058666666666666666
0 0.3003220611916264 0.5226666666666666 0.05636070853462158 0.104
1 0.42351046698872785 0.47733333333333333 0.033011272141706925 0.09866666666666667
0 0.3329307568438003 0.5213333333333333 0.04186795491143317 0.08266666666666667
0 0.358695652173913 0.5186666666666667 0.0322061191626409 0.058666666666666666
0 0.3961352657004831 0.5013333333333333 0.026570048309178744 0.04533333333333334
0 0.2805958132045089 0.5186666666666667 0.033816425120772944 0.072
0 0.042270531400966184 0.528 0.03542673107890499 0.08533333333333333