1 0.5817230273752013 0.5626666666666666 0.08051529790660225 0.2906666666666667
0 0.32689210950080516 0.608 0.12721417069243157 0.208
0 0.22987117552334943 0.5773333333333334 0.1497584541062802 0.2613333333333333
0 0.4915458937198068 0.5333333333333333 0.05314009661835749 0.13333333333333333
0 0.8458132045088567 0.5666666666666667 0.15136876006441224 0.22666666666666666
0 0.6276167471819646 0.492 0.037037037037037035 0.10933333333333334
1 0.6686795491143317 0.4573333333333333 0.043478260869565216 0.136
0 0.9255233494363929 0.5533333333333333 0.1473429951690821 0.24266666666666667
0 0.9790660225442834 0.56 0.040257648953301126 0.176
2 0.6175523349436393 0.43466666666666665 0.043478260869565216 0.18933333333333333
0 0.07971014492753623 0.612 0.15942028985507245 0.19466666666666665
0 0.018518518518518517 0.6026666666666667 0.037037037037037035 0.14133333333333334