0 0.5394524959742351 0.72 0.16183574879227053 0.5066666666666667
0 0.961755233494364 0.7333333333333333 0.0748792270531401 0.528
0 0.6276167471819646 0.5266666666666666 0.09903381642512077 0.152
0 0.5837359098228664 0.5093333333333333 0.05958132045088567 0.096
0 0.5648148148148148 0.5 0.05314009661835749 0.072
0 0.4392109500805153 0.5 0.0249597423510467 0.056
0 0.11231884057971014 0.6133333333333333 0.15056360708534622 0.19466666666666665
0 0.4867149758454106 0.48133333333333334 0.01932367149758454 0.04
0 0.3140096618357488 0.5306666666666666 0.05958132045088567 0.09333333333333334
0 0.3442028985507246 0.5106666666666667 0.040257648953301126 0.096
0 0.3856682769726248 0.5013333333333333 0.03462157809983897 0.064
0 0.42995169082125606 0.49466666666666664 0.030595813204508857 0.04533333333333334
0 0.2214170692431562 0.5253333333333333 0.061996779388083734 0.096
0 0.21215780998389694 0.5133333333333333 0.06602254428341385 0.072