0 0.5748792270531401 0.5586666666666666 0.06521739130434782 0.16533333333333333
0 0.09822866344605476 0.804 0.1964573268921095 0.38666666666666666
0 0.8607085346215781 0.5506666666666666 0.25201288244766507 0.23466666666666666
0 0.7894524959742351 0.49733333333333335 0.18679549114331723 0.24266666666666667
0 0.34500805152979064 0.5613333333333334 0.061191626409017714 0.14133333333333334
0 0.2222222222222222 0.6506666666666666 0.13446054750402575 0.24533333333333332
0 0.7028985507246377 0.504 0.1280193236714976 0.14933333333333335
0 0.39049919484702095 0.5333333333333333 0.03784219001610306 0.088
0 0.9448470209339774 0.452 0.10869565217391304 0.12266666666666666
0 0.9041867954911433 0.44133333333333336 0.11030595813204509 0.09866666666666667
1 0.9923510466988728 0.43333333333333335 0.013687600644122383 0.17333333333333334