0 0.47705314009661837 0.5506666666666666 0.04750402576489533 0.128
0 0.05676328502415459 0.76 0.11352657004830918 0.4746666666666667
0 0.17713365539452497 0.7933333333333333 0.35426731078904994 0.408
0 0.3276972624798712 0.6773333333333333 0.13446054750402575 0.33866666666666667
0 0.3711755233494364 0.612 0.0861513687600644 0.20533333333333334
0 0.2809983896940419 0.5933333333333334 0.10950080515297907 0.17333333333333334
0 0.4359903381642512 0.5173333333333333 0.02818035426731079 0.06933333333333333
0 0.8119967793880838 0.772 0.3743961352657005 0.45066666666666666
0 0.6284219001610306 0.628 0.12077294685990338 0.304
0 0.5281803542673108 0.5373333333333333 0.039452495974235106 0.096
2 0.5233494363929146 0.45066666666666666 0.04750402576489533 0.18133333333333335
3 0.5684380032206119 0.504 0.007246376811594203 0.10133333333333333
0 0.17592592592592593 0.54 0.07648953301127215 0.09866666666666667
0 0.4758454106280193 0.524 0.029790660225442835 0.09066666666666667
0 0.04508856682769726 0.5853333333333334 0.09017713365539452 0.15466666666666667