0 0.565269943593876 0.5478723404255319 0.053988718775181306 0.13031914893617022
0 0.5141015310233682 0.5026595744680851 0.021756647864625302 0.05585106382978723
0 0.14947622884770345 0.7539893617021277 0.2989524576954069 0.4867021276595745
0 0.06728444802578566 0.6702127659574468 0.13456889605157132 0.324468085106383
0 0.3581788879935536 0.5571808510638298 0.072522159548751 0.16489361702127658
0 0.24738114423851731 0.5585106382978723 0.088638195004029 0.14893617021276595
1 0.31466559226430296 0.5199468085106383 0.0499597099113618 0.1276595744680851
0 0.4065269943593876 0.5226063829787234 0.0394842868654311 0.0851063829787234
1 0.3577759871071716 0.5053191489361702 0.045124899274778404 0.09840425531914894
0 0.4315068493150685 0.511968085106383 0.022562449637389202 0.06382978723404255
0 0.4846897663174859 0.5106382978723404 0.0249798549556809 0.0797872340425532
0 0.38759065269943593 0.5079787234042553 0.029008863819500404 0.061170212765957445
1 0.38759065269943593 0.4933510638297872 0.0265914585012087 0.07180851063829788