0 0.6541867954911433 0.636 0.1497584541062802 0.37066666666666664
0 0.042270531400966184 0.7693333333333333 0.08454106280193237 0.456
0 0.10628019323671498 0.7186666666666667 0.21256038647342995 0.4026666666666667
0 0.13727858293075684 0.6546666666666666 0.2745571658615137 0.3253333333333333
0 0.20169082125603865 0.624 0.1996779388083736 0.232
0 0.5921900161030595 0.58 0.08293075684380032 0.18133333333333335
0 0.5527375201288245 0.532 0.04508856682769726 0.13333333333333333
0 0.3413848631239936 0.544 0.11030595813204509 0.13066666666666665
0 0.3538647342995169 0.524 0.0748792270531401 0.13333333333333333
0 0.3884863123993559 0.5266666666666666 0.0644122383252818 0.08266666666666667
0 0.5297906602254429 0.5133333333333333 0.026570048309178744 0.072