0 0.05756843800322061 0.7506666666666667 0.11513687600644122 0.49333333333333335
0 0.09581320450885668 0.6826666666666666 0.19162640901771336 0.4053333333333333
0 0.6300322061191627 0.6346666666666667 0.1111111111111111 0.24533333333333332
0 0.16706924315619967 0.6386666666666667 0.2318840579710145 0.2986666666666667
1 0.22383252818035426 0.596 0.17713365539452497 0.27466666666666667
0 0.28140096618357485 0.5626666666666666 0.12640901771336555 0.18933333333333333
0 0.6759259259259259 0.5693333333333334 0.12721417069243157 0.136
0 0.6082930756843801 0.524 0.09017713365539452 0.11466666666666667
0 0.3413848631239936 0.496 0.09742351046698873 0.168
1 0.5273752012882448 0.4866666666666667 0.03462157809983897 0.12
0 0.38003220611916266 0.5146666666666667 0.07326892109500806 0.08
0 0.3997584541062802 0.5013333333333333 0.06360708534621579 0.088
1 0.5128824476650563 0.4786666666666667 0.023349436392914653 0.09066666666666667