0 0.927133655394525 0.628 0.14412238325281804 0.7386666666666667
0 0.285426731078905 0.62 0.11916264090177134 0.25866666666666666
0 0.25644122383252815 0.7386666666666667 0.28180354267310787 0.5173333333333333
0 0.7652979066022544 0.4573333333333333 0.143317230273752 0.17333333333333334
0 0.855475040257649 0.44266666666666665 0.07085346215780998 0.11466666666666667
1 0.964170692431562 0.42133333333333334 0.07004830917874397 0.136
0 0.894927536231884 0.444 0.08051529790660225 0.104
0 0.38003220611916266 0.5506666666666666 0.05314009661835749 0.11466666666666667
0 0.3470209339774557 0.5773333333333334 0.07971014492753623 0.17066666666666666
0 0.5636070853462157 0.508 0.04186795491143317 0.09866666666666667
0 0.40096618357487923 0.532 0.039452495974235106 0.09866666666666667
0 0.5052334943639292 0.5146666666666667 0.028985507246376812 0.07466666666666667
0 0.573268921095008 0.5053333333333333 0.07085346215780998 0.08266666666666667
0 0.48752012882447665 0.48 0.033011272141706925 0.042666666666666665