3 0.2340686274509804 0.5121621621621621 0.02287581699346405 0.1810810810810811
3 0.315359477124183 0.4945945945945946 0.015522875816993464 0.11891891891891893
3 0.11601307189542484 0.5216216216216216 0.026143790849673203 0.23243243243243245
3 0.21691176470588236 0.4756756756756757 0.013071895424836602 0.11891891891891893
0 0.4624183006535948 0.504054054054054 0.03104575163398693 0.07567567567567568
0 0.829248366013072 0.5540540540540541 0.08823529411764706 0.12972972972972974
0 0.8941993464052288 0.5581081081081081 0.0988562091503268 0.12432432432432433
0 0.9477124183006536 0.5594594594594594 0.10294117647058823 0.12702702702702703
3 0.10294117647058823 0.5243243243243243 0.031862745098039214 0.21621621621621623
3 0.25245098039215685 0.4783783783783784 0.014705882352941176 0.12972972972972974
3 0.23488562091503268 0.4851351351351351 0.022058823529411766 0.11351351351351352
3 0.1548202614379085 0.522972972972973 0.02042483660130719 0.20270270270270271
3 0.11805555555555555 0.5094594594594595 0.0196078431372549 0.20810810810810812
3 0.9138071895424836 0.7216216216216216 0.1111111111111111 0.5513513513513514
5 0.41380718954248363 0.4891891891891892 0.00980392156862745 0.08108108108108109
3 0.10661764705882353 0.5148648648648648 0.017973856209150325 0.17567567567567569
3 0.07761437908496732 0.5094594594594595 0.028594771241830064 0.1972972972972973
0 0.5061274509803921 0.5027027027027027 0.029411764705882353 0.07567567567567568
3 0.18709150326797386 0.47297297297297297 0.00980392156862745 0.11891891891891893
3 0.9795751633986928 0.5378378378378378 0.011437908496732025 0.0972972972972973