1 0.13083735909822866 0.5386666666666666 0.2616747181964573 0.8213333333333334
0 0.8458132045088567 0.776 0.30676328502415456 0.44266666666666665
0 0.8965378421900161 0.7346666666666667 0.20531400966183574 0.37333333333333335
0 0.7797906602254429 0.6466666666666666 0.24074074074074073 0.24533333333333332
0 0.24436392914653784 0.608 0.1859903381642512 0.216
0 0.5261674718196457 0.544 0.023349436392914653 0.06133333333333333
0 0.40458937198067635 0.5413333333333333 0.0644122383252818 0.08
0 0.6022544283413849 0.5586666666666666 0.07568438003220612 0.096
0 0.3470209339774557 0.5693333333333334 0.1111111111111111 0.136
0 0.2975040257648953 0.5986666666666667 0.15217391304347827 0.18133333333333335
0 0.6618357487922706 0.5773333333333334 0.10225442834138486 0.14133333333333334
0 0.6831723027375202 0.5933333333333334 0.11513687600644122 0.144