3 0.49353796445880455 0.5053475935828877 0.0210016155088853 0.1497326203208556
3 0.5080775444264943 0.5040106951871658 0.020193861066235864 0.16310160427807488
3 0.08319870759289176 0.6951871657754011 0.1050080775444265 0.6042780748663101
3 0.16437802907915994 0.5842245989304813 0.033117932148626815 0.30213903743315507
3 0.20274636510500807 0.6096256684491979 0.0395799676898223 0.37967914438502676
3 0.6563004846526656 0.5909090909090909 0.04765751211631664 0.4144385026737968
3 0.8852988691437803 0.6417112299465241 0.10581583198707593 0.6149732620320856
3 0.2988691437802908 0.5267379679144385 0.01938610662358643 0.17914438502673796
3 0.42326332794830374 0.5040106951871658 0.014539579967689823 0.16042780748663102
0 0.3376413570274637 0.5133689839572193 0.10420032310177706 0.26737967914438504
1 0.3848949919224556 0.5013368983957219 0.05977382875605816 0.18449197860962566