0 0.0893719806763285 0.7986666666666666 0.178743961352657 0.3973333333333333
0 0.8631239935587761 0.6306666666666667 0.2721417069243156 0.448
0 0.25402576489533013 0.6986666666666667 0.19806763285024154 0.3973333333333333
0 0.36996779388083734 0.6053333333333333 0.08695652173913043 0.20266666666666666
0 0.40458937198067635 0.5626666666666666 0.06521739130434782 0.152
0 0.5760869565217391 0.5493333333333333 0.05475040257648953 0.168
0 0.8023349436392915 0.5506666666666666 0.23268921095008052 0.24266666666666667
0 0.42592592592592593 0.5253333333333333 0.03864734299516908 0.11466666666666667
0 0.4323671497584541 0.5133333333333333 0.04589371980676329 0.08533333333333333
0 0.3003220611916264 0.49733333333333335 0.0499194847020934 0.056
0 0.5921900161030595 0.5333333333333333 0.05958132045088567 0.128
0 0.6264090177133655 0.5106666666666667 0.061996779388083734 0.11733333333333333