3 0.311389337641357 0.7098930481283422 0.07673667205169628 0.5748663101604278
3 0.3218901453957997 0.7219251336898396 0.05331179321486268 0.5454545454545454
3 0.21324717285945072 0.7312834224598931 0.05735056542810985 0.5267379679144385
3 0.15306946688206785 0.6697860962566845 0.06058158319870759 0.4090909090909091
3 0.37237479806138934 0.6323529411764706 0.03715670436187399 0.4037433155080214
3 0.2193053311793215 0.6858288770053476 0.046849757673667204 0.4117647058823529
3 0.32067851373182554 0.6403743315508021 0.05815831987075929 0.3877005347593583
0 0.32148626817447495 0.5975935828877005 0.10581583198707593 0.23796791443850268
5 0.3994345718901454 0.5240641711229946 0.021809369951534735 0.16042780748663102
3 0.5391760904684976 0.5106951871657754 0.017770597738287562 0.15240641711229946
3 0.4394184168012924 0.516042780748663 0.01050080775444265 0.12032085561497326
3 0.44870759289176093 0.5147058823529411 0.011308562197092083 0.12566844919786097