0 0.07528180354267311 0.748 0.15056360708534622 0.49866666666666665
0 0.7991143317230274 0.728 0.321256038647343 0.5386666666666666
0 0.21256038647342995 0.704 0.21014492753623187 0.432
0 0.645330112721417 0.5933333333333334 0.13446054750402575 0.272
1 0.5813204508856683 0.46266666666666667 0.09742351046698873 0.31733333333333336
0 0.5507246376811594 0.5013333333333333 0.0426731078904992 0.13333333333333333
0 0.5430756843800322 0.512 0.039452495974235106 0.104
0 0.5193236714975845 0.49866666666666665 0.026570048309178744 0.06933333333333333
0 0.41304347826086957 0.5173333333333333 0.026570048309178744 0.06133333333333333
0 0.501207729468599 0.49866666666666665 0.03140096618357488 0.06933333333333333
0 0.47705314009661837 0.49733333333333335 0.023349436392914653 0.048