3 0.7814009661835749 0.548 0.04508856682769726 0.3546666666666667
5 0.15780998389694043 0.7413333333333333 0.1529790660225443 0.512
5 0.3252818035426731 0.5986666666666667 0.04669887278582931 0.296
0 0.6650563607085346 0.636 0.1529790660225443 0.3626666666666667
0 0.5954106280193237 0.5573333333333333 0.09017713365539452 0.256
0 0.5668276972624798 0.5266666666666666 0.06360708534621579 0.192
0 0.5519323671497585 0.5186666666666667 0.043478260869565216 0.13066666666666665
3 0.5140901771336553 0.476 0.012077294685990338 0.09066666666666667
3 0.5197262479871175 0.4786666666666667 0.00966183574879227 0.088
0 0.43719806763285024 0.48 0.021739130434782608 0.072
3 0.4786634460547504 0.476 0.008051529790660225 0.06133333333333333
0 0.38486312399355876 0.524 0.0426731078904992 0.104
0 0.10386473429951691 0.7693333333333333 0.20772946859903382 0.456
0 0.22544283413848631 0.66 0.16183574879227053 0.30666666666666664
0 0.30515297906602257 0.5906666666666667 0.0998389694041868 0.208
0 0.34863123993558776 0.5453333333333333 0.06763285024154589 0.15466666666666667