0 0.4963768115942029 0.5266666666666666 0.03462157809983897 0.10666666666666667
0 0.0929951690821256 0.6053333333333333 0.17391304347826086 0.22666666666666666
0 0.716183574879227 0.6013333333333334 0.15619967793880837 0.296
0 0.6755233494363929 0.5693333333333334 0.13768115942028986 0.216
0 0.6203703703703703 0.5586666666666666 0.11030595813204509 0.16533333333333333
0 0.5982286634460547 0.5333333333333333 0.09420289855072464 0.152
0 0.5913848631239935 0.528 0.0861513687600644 0.12
0 0.5772946859903382 0.5186666666666667 0.07729468599033816 0.11466666666666667
0 0.4351851851851852 0.5013333333333333 0.016908212560386472 0.04
0 0.538647342995169 0.49333333333333335 0.04186795491143317 0.05333333333333334
1 0.5297906602254429 0.48533333333333334 0.037037037037037035 0.056
0 0.4074074074074074 0.49466666666666664 0.01932367149758454 0.04533333333333334