0 0.5 0.5346666666666666 0.04428341384863124 0.13866666666666666
0 0.9549114331723028 0.7213333333333334 0.08856682769726248 0.552
0 0.7101449275362319 0.6133333333333333 0.17632850241545894 0.2986666666666667
0 0.6674718196457327 0.5693333333333334 0.13446054750402575 0.21866666666666668
0 0.642914653784219 0.5346666666666666 0.107085346215781 0.184
1 0.5905797101449275 0.5026666666666667 0.09339774557165861 0.15466666666666667
0 0.5684380032206119 0.5093333333333333 0.06843800322061191 0.09333333333333334
0 0.5446859903381642 0.49066666666666664 0.04508856682769726 0.06133333333333333
0 0.2890499194847021 0.524 0.061191626409017714 0.112
1 0.4178743961352657 0.4746666666666667 0.03542673107890499 0.10666666666666667
0 0.3252818035426731 0.5186666666666667 0.04428341384863124 0.088
0 0.3534621578099839 0.516 0.033816425120772944 0.06133333333333333
0 0.394122383252818 0.49733333333333335 0.027375201288244767 0.048
0 0.27093397745571657 0.5173333333333333 0.036231884057971016 0.07466666666666667
0 0.01892109500805153 0.5226666666666666 0.036231884057971016 0.088