0 0.1143317230273752 0.772 0.2286634460547504 0.45066666666666666
0 0.8808373590982287 0.7466666666666667 0.23671497584541062 0.5013333333333333
1 0.23027375201288244 0.6493333333333333 0.2359098228663446 0.5786666666666667
0 0.7419484702093397 0.7293333333333333 0.25684380032206117 0.4746666666666667
0 0.6400966183574879 0.5946666666666667 0.07971014492753623 0.22133333333333333
1 0.1215780998389694 0.5066666666666667 0.2431561996779388 0.31466666666666665
0 0.6493558776167472 0.532 0.07890499194847021 0.192
1 0.5040257648953301 0.48533333333333334 0.029790660225442835 0.104
1 0.7125603864734299 0.4653333333333333 0.1280193236714976 0.16
0 0.40136876006441224 0.5133333333333333 0.033816425120772944 0.07733333333333334
0 0.35507246376811596 0.496 0.0426731078904992 0.10666666666666667