5 0.21859903381642512 0.6013333333333334 0.0748792270531401 0.34933333333333333
5 0.2572463768115942 0.5746666666666667 0.05877616747181964 0.26666666666666666
1 0.4110305958132045 0.49333333333333335 0.08051529790660225 0.19733333333333333
4 0.017310789049919485 0.62 0.03462157809983897 0.21866666666666668
3 0.9754428341384863 0.816 0.04750402576489533 0.3626666666666667
4 0.16948470209339775 0.5786666666666667 0.04106280193236715 0.15466666666666667
5 0.5169082125603864 0.5226666666666666 0.033816425120772944 0.13333333333333333
3 0.7741545893719807 0.528 0.020128824476650563 0.176
3 0.7254428341384863 0.5213333333333333 0.018518518518518517 0.16
4 0.6694847020933977 0.5293333333333333 0.03462157809983897 0.11466666666666667
4 0.6622383252818036 0.5293333333333333 0.03542673107890499 0.10133333333333333
0 0.3438003220611916 0.5106666666666667 0.06521739130434782 0.07466666666666667