0 0.4939613526570048 0.5346666666666666 0.04750402576489533 0.128
0 0.24396135265700483 0.6173333333333333 0.16344605475040258 0.24266666666666667
0 0.2999194847020934 0.5866666666666667 0.12640901771336555 0.18133333333333335
0 0.3446054750402576 0.536 0.07809983896940419 0.128
0 0.4247181964573269 0.5506666666666666 0.057971014492753624 0.12266666666666666
0 0.392109500805153 0.5146666666666667 0.057971014492753624 0.08266666666666667
1 0.7012882447665056 0.5533333333333333 0.24074074074074073 0.6506666666666666
0 0.5897745571658615 0.56 0.08051529790660225 0.18133333333333335
0 0.5664251207729468 0.54 0.0571658615136876 0.12533333333333332
0 0.5523349436392915 0.512 0.040257648953301126 0.11466666666666667
0 0.5229468599033816 0.5013333333333333 0.023349436392914653 0.06133333333333333
0 0.07971014492753623 0.6333333333333333 0.15942028985507245 0.24
1 0.18397745571658616 0.54 0.14412238325281804 0.2613333333333333
0 0.4915458937198068 0.5106666666666667 0.03140096618357488 0.09333333333333334
0 0.05434782608695652 0.568 0.10869565217391304 0.144