3 0.9943639291465378 0.644 0.00966183574879227 0.7066666666666667
5 0.26006441223832527 0.5786666666666667 0.05877616747181964 0.296
5 0.2882447665056361 0.556 0.04830917874396135 0.23466666666666666
1 0.41827697262479874 0.48933333333333334 0.0748792270531401 0.18666666666666668
4 0.020531400966183576 0.6146666666666667 0.04106280193236715 0.21066666666666667
4 0.05152979066022544 0.604 0.06602254428341385 0.19466666666666665
3 0.046296296296296294 0.584 0.029790660225442835 0.2613333333333333
3 0.8683574879227053 0.792 0.09339774557165861 0.4106666666666667
3 0.9162640901771336 0.7933333333333333 0.09742351046698873 0.408
4 0.19524959742351047 0.5653333333333334 0.037037037037037035 0.144
5 0.5124798711755234 0.52 0.033816425120772944 0.13066666666666665
3 0.7596618357487923 0.5226666666666666 0.018518518518518517 0.16533333333333333
4 0.6626409017713365 0.5226666666666666 0.0322061191626409 0.10933333333333334
4 0.6561996779388084 0.5226666666666666 0.033816425120772944 0.096
0 0.3526570048309179 0.5053333333333333 0.06280193236714976 0.072