0 0.8611111111111112 0.7186666666666667 0.27616747181964574 0.5573333333333333
0 0.43397745571658614 0.604 0.13043478260869565 0.2613333333333333
0 0.750805152979066 0.7333333333333333 0.19243156199677938 0.47733333333333333
0 0.6960547504025765 0.6013333333333334 0.11191626409017713 0.2906666666666667
0 0.9557165861513688 0.4746666666666667 0.08695652173913043 0.19733333333333333
1 0.9029790660225443 0.464 0.1392914653784219 0.224
1 0.8099838969404187 0.4826666666666667 0.11916264090177134 0.19733333333333333
0 0.4927536231884058 0.5106666666666667 0.050724637681159424 0.112
0 0.748389694041868 0.476 0.06682769726247988 0.09866666666666667
0 0.6304347826086957 0.492 0.033816425120772944 0.09866666666666667
0 0.5245571658615137 0.492 0.03462157809983897 0.08266666666666667
2 0.5998389694041868 0.43733333333333335 0.036231884057971016 0.11733333333333333