0 0.48389694041867953 0.5306666666666666 0.04186795491143317 0.10666666666666667
0 0.21739130434782608 0.6133333333333333 0.14492753623188406 0.232
0 0.3784219001610306 0.624 0.10144927536231885 0.23466666666666666
0 0.41264090177133655 0.5706666666666667 0.06924315619967794 0.17333333333333334
0 0.33454106280193235 0.5306666666666666 0.0998389694041868 0.13866666666666666
0 0.8425925925925926 0.7773333333333333 0.3132045088566828 0.44
2 0.6529790660225443 0.4493333333333333 0.19162640901771336 0.624
3 0.7809983896940419 0.6386666666666667 0.061996779388083734 0.4106666666666667
0 0.5422705314009661 0.5266666666666666 0.04186795491143317 0.10933333333333334
0 0.5253623188405797 0.516 0.029790660225442835 0.07733333333333334
2 0.5181159420289855 0.456 0.03542673107890499 0.15466666666666667
0 0.22826086956521738 0.5186666666666667 0.06038647342995169 0.088
0 0.4726247987117552 0.5133333333333333 0.027375201288244767 0.08266666666666667
0 0.050724637681159424 0.5453333333333333 0.10144927536231885 0.16