0 0.09943639291465378 0.7453333333333333 0.19887278582930756 0.504
0 0.7004830917874396 0.68 0.16344605475040258 0.352
0 0.20813204508856684 0.6066666666666667 0.21175523349436393 0.224
0 0.29830917874396135 0.5626666666666666 0.12721417069243157 0.16
0 0.32971014492753625 0.556 0.1280193236714976 0.14666666666666667
0 0.3397745571658615 0.5453333333333333 0.11191626409017713 0.13066666666666665
0 0.6316425120772947 0.596 0.09581320450885668 0.24
0 0.5680354267310789 0.54 0.0426731078904992 0.104
0 0.3752012882447665 0.54 0.08293075684380032 0.11466666666666667
1 0.3864734299516908 0.5266666666666666 0.07246376811594203 0.12
1 0.533816425120773 0.4826666666666667 0.024154589371980676 0.08533333333333333
0 0.43156199677938806 0.504 0.0499194847020934 0.056