0 0.9086151368760065 0.5306666666666666 0.18115942028985507 0.2906666666666667
0 0.9520933977455717 0.552 0.09420289855072464 0.18933333333333333
0 0.0966183574879227 0.7173333333333334 0.1932367149758454 0.43466666666666665
0 0.11916264090177134 0.6293333333333333 0.23832528180354268 0.31733333333333336
0 0.18518518518518517 0.576 0.25523349436392917 0.296
0 0.3027375201288245 0.5266666666666666 0.143317230273752 0.18933333333333333
0 0.321256038647343 0.5386666666666666 0.13123993558776167 0.13866666666666666
0 0.24154589371980675 0.5613333333333334 0.18035426731078905 0.2
0 0.4114331723027375 0.492 0.07407407407407407 0.07733333333333334
0 0.8317230273752013 0.504 0.10547504025764895 0.152
0 0.5776972624798712 0.49866666666666665 0.07809983896940419 0.09333333333333334