0 0.8369565217391305 0.772 0.3244766505636071 0.45066666666666666
1 0.040257648953301126 0.72 0.08051529790660225 0.5546666666666666
0 0.1215780998389694 0.6533333333333333 0.2431561996779388 0.34933333333333333
0 0.7898550724637681 0.6226666666666667 0.22061191626409019 0.224
0 0.7395330112721417 0.5853333333333334 0.1570048309178744 0.21866666666666668
0 0.6525764895330113 0.532 0.12399355877616747 0.15733333333333333
0 0.2822061191626409 0.5213333333333333 0.14170692431561996 0.23733333333333334
1 0.538647342995169 0.49466666666666664 0.04508856682769726 0.152
0 0.3526570048309179 0.5266666666666666 0.09500805152979067 0.104
0 0.3808373590982287 0.5106666666666667 0.07890499194847021 0.10933333333333334
1 0.5181159420289855 0.476 0.027375201288244767 0.10666666666666667
1 0.4311594202898551 0.4786666666666667 0.04911433172302738 0.08