0 0.4851046698872786 0.49733333333333335 0.01932367149758454 0.06133333333333333
0 0.41867954911433175 0.5413333333333333 0.04750402576489533 0.12
0 0.7347020933977456 0.728 0.22624798711755234 0.4746666666666667
0 0.6284219001610306 0.616 0.12318840579710146 0.30133333333333334
0 0.5881642512077294 0.568 0.071658615136876 0.21866666666666668
0 0.5507246376811594 0.5346666666666666 0.04750402576489533 0.12
0 0.5253623188405797 0.508 0.0249597423510467 0.07466666666666667
0 0.5394524959742351 0.5226666666666666 0.036231884057971016 0.104
0 0.33172302737520126 0.5213333333333333 0.05475040257648953 0.06666666666666667
0 0.26207729468599034 0.5226666666666666 0.061996779388083734 0.06933333333333333
3 0.6372785829307569 0.528 0.021739130434782608 0.208