0 0.20048309178743962 0.732 0.32367149758454106 0.5306666666666666
0 0.8260869565217391 0.6906666666666667 0.3462157809983897 0.6133333333333333
0 0.3470209339774557 0.628 0.14814814814814814 0.30133333333333334
0 0.5567632850241546 0.524 0.05152979066022544 0.12533333333333332
0 0.6731078904991948 0.6613333333333333 0.18115942028985507 0.37866666666666665
3 0.31239935587761675 0.564 0.020933977455716585 0.25333333333333335
3 0.3276972624798712 0.5426666666666666 0.014492753623188406 0.20533333333333334
0 0.4524959742351047 0.49866666666666665 0.02818035426731079 0.08533333333333333
0 0.534621578099839 0.49866666666666665 0.0322061191626409 0.088
3 0.3329307568438003 0.548 0.012077294685990338 0.208
0 0.5205314009661836 0.48 0.020128824476650563 0.06666666666666667