0 0.4766317485898469 0.5132978723404256 0.018533440773569703 0.05053191489361702
0 0.11120064464141821 0.7513297872340425 0.22240128928283642 0.4920212765957447
1 0.03908138597904915 0.6183510638297872 0.0781627719580983 0.34574468085106386
0 0.5975020145044319 0.625 0.12087026591458501 0.27925531914893614
0 0.28807413376309426 0.6037234042553191 0.09830781627719581 0.19414893617021275
1 0.19419822723609992 0.5558510638297872 0.11925866236905722 0.2074468085106383
0 0.3424657534246575 0.5664893617021277 0.060435132957292505 0.13297872340425532
0 0.4528605962933118 0.5372340425531915 0.0362610797743755 0.11170212765957446
0 0.28444802578565676 0.5425531914893617 0.05801772763900081 0.10372340425531915
0 0.3855761482675262 0.5252659574468085 0.0265914585012087 0.06914893617021277
1 0.314262691377921 0.5132978723404256 0.043513295729250605 0.10372340425531915
0 0.39403706688154716 0.5146276595744681 0.021756647864625302 0.05585106382978723
1 0.4057211925866237 0.4933510638297872 0.017727639000805803 0.07712765957446809