5 0.8586601307189542 0.5054054054054054 0.0857843137254902 0.2702702702702703
3 0.7990196078431373 0.4837837837837838 0.021241830065359478 0.17297297297297298
3 0.23243464052287582 0.6837837837837838 0.0915032679738562 0.6270270270270271
3 0.11764705882352941 0.6716216216216216 0.08986928104575163 0.6513513513513514
3 0.19934640522875818 0.6486486486486487 0.09558823529411764 0.6972972972972973
3 0.627859477124183 0.5405405405405406 0.021241830065359478 0.24054054054054055
5 0.7969771241830066 0.5067567567567568 0.07352941176470588 0.21081081081081082
3 0.8770424836601307 0.5297297297297298 0.035130718954248366 0.2972972972972973
3 0.8970588235294118 0.5256756756756756 0.03676470588235294 0.35405405405405405
3 0.883578431372549 0.5445945945945946 0.026143790849673203 0.2810810810810811
1 0.4922385620915033 0.45675675675675675 0.015522875816993464 0.05675675675675676