0 0.13687600644122383 0.7826666666666666 0.27375201288244766 0.42933333333333334
0 0.02818035426731079 0.7933333333333333 0.05636070853462158 0.408
0 0.5491143317230274 0.5373333333333333 0.04508856682769726 0.12
0 0.3007246376811594 0.6533333333333333 0.12962962962962962 0.2693333333333333
0 0.7254428341384863 0.5173333333333333 0.1529790660225443 0.14933333333333335
0 0.6952495974235104 0.49466666666666664 0.1247987117552335 0.168
0 0.3695652173913043 0.544 0.04508856682769726 0.10933333333333334
0 0.30958132045088566 0.5893333333333334 0.07648953301127215 0.15466666666666667
0 0.6473429951690821 0.49466666666666664 0.09420289855072464 0.112
0 0.4001610305958132 0.5293333333333333 0.030595813204508857 0.07466666666666667
1 0.929549114331723 0.43333333333333335 0.12721417069243157 0.14133333333333334