0 0.4855072463768116 0.536 0.04589371980676329 0.12266666666666666
0 0.20128824476650564 0.692 0.21256038647342995 0.384
0 0.2584541062801932 0.616 0.17149758454106281 0.272
0 0.3421900161030596 0.5546666666666666 0.0998389694041868 0.14666666666666667
0 0.3820450885668277 0.5266666666666666 0.08132045088566828 0.11733333333333333
0 0.42914653784219003 0.504 0.0571658615136876 0.07733333333333334
1 0.8297101449275363 0.5 0.3389694041867955 0.9946666666666667
0 0.6855877616747182 0.6373333333333333 0.15136876006441224 0.2906666666666667
0 0.5603864734299517 0.5346666666666666 0.0426731078904992 0.09866666666666667
1 0.5301932367149759 0.4866666666666667 0.028985507246376812 0.09866666666666667
0 0.48993558776167473 0.5146666666666667 0.029790660225442835 0.09066666666666667
1 0.05475040257648953 0.5666666666666667 0.10950080515297907 0.44
0 0.08051529790660225 0.5493333333333333 0.09903381642512077 0.128
0 0.21175523349436393 0.52 0.06521739130434782 0.088