0 0.06642512077294686 0.7413333333333333 0.13285024154589373 0.512
0 0.09742351046698873 0.6986666666666667 0.19484702093397746 0.464
0 0.14009661835748793 0.632 0.28019323671497587 0.352
0 0.17592592592592593 0.5933333333333334 0.19001610305958133 0.2613333333333333
0 0.24476650563607086 0.5986666666666667 0.17149758454106281 0.21333333333333335
0 0.2648953301127214 0.5573333333333333 0.16505636070853463 0.184
0 0.3144122383252818 0.5293333333333333 0.11513687600644122 0.15466666666666667
0 0.32971014492753625 0.512 0.11513687600644122 0.17333333333333334
5 0.4464573268921095 0.5066666666666667 0.010466988727858293 0.08266666666666667
0 0.7254428341384863 0.7453333333333333 0.21256038647342995 0.45866666666666667
0 0.785426731078905 0.5973333333333334 0.21739130434782608 0.272
0 0.7298711755233495 0.5826666666666667 0.15619967793880837 0.21066666666666667
0 0.6876006441223832 0.564 0.12399355877616747 0.168
0 0.644524959742351 0.5426666666666666 0.11191626409017713 0.13866666666666666
0 0.6239935587761675 0.5346666666666666 0.10466988727858294 0.11466666666666667
0 0.6171497584541062 0.5173333333333333 0.08695652173913043 0.12533333333333332
0 0.3812399355877617 0.504 0.07729468599033816 0.08533333333333333
0 0.39573268921095006 0.508 0.06602254428341385 0.07733333333333334
0 0.5257648953301127 0.508 0.02818035426731079 0.06933333333333333
1 0.500805152979066 0.4653333333333333 0.012077294685990338 0.04533333333333334