0 0.5173107890499195 0.556 0.05475040257648953 0.17066666666666666
0 0.9516908212560387 0.7306666666666667 0.09500805152979067 0.5333333333333333
0 0.714573268921095 0.6066666666666667 0.16747181964573268 0.2826666666666667
0 0.0322061191626409 0.6266666666666667 0.0644122383252818 0.30933333333333335
0 0.24235104669887278 0.6133333333333333 0.1570048309178744 0.22933333333333333
0 0.4468599033816425 0.5013333333333333 0.036231884057971016 0.088
0 0.22423510466988728 0.5693333333333334 0.10869565217391304 0.16
0 0.36312399355877617 0.5293333333333333 0.05877616747181964 0.088
0 0.5479066022544283 0.492 0.036231884057971016 0.06666666666666667
0 0.570450885668277 0.48 0.018518518518518517 0.04533333333333334
0 0.0929951690821256 0.58 0.14170692431561996 0.16