3 0.1147875816993464 0.5716216216216217 0.0392156862745098 0.3081081081081081
3 0.09272875816993464 0.5594594594594594 0.03022875816993464 0.3027027027027027
5 0.6736111111111112 0.5567567567567567 0.042483660130718956 0.2972972972972973
3 0.49673202614379086 0.5540540540540541 0.02042483660130719 0.20810810810810812
5 0.39501633986928103 0.5067567567567568 0.02287581699346405 0.14054054054054055
3 0.6478758169934641 0.4972972972972973 0.015522875816993464 0.15945945945945947
3 0.5588235294117647 0.4743243243243243 0.013071895424836602 0.1
3 0.5314542483660131 0.48783783783783785 0.008169934640522876 0.1
3 0.5433006535947712 0.4810810810810811 0.008169934640522876 0.1
3 0.5906862745098039 0.46621621621621623 0.010620915032679739 0.0972972972972973
3 0.6017156862745098 0.46756756756756757 0.008986928104575163 0.10540540540540541