3 0.2610294117647059 0.4972972972972973 0.016339869281045753 0.13243243243243244
3 0.3402777777777778 0.48783783783783785 0.011437908496732025 0.0945945945945946
3 0.25939542483660133 0.4702702702702703 0.011437908496732025 0.1
0 0.829248366013072 0.5540540540540541 0.08823529411764706 0.12972972972972974
0 0.8941993464052288 0.5581081081081081 0.0988562091503268 0.12432432432432433
0 0.9481209150326797 0.5594594594594594 0.10212418300653595 0.12702702702702703
3 0.2818627450980392 0.47297297297297297 0.011437908496732025 0.10540540540540541
3 0.2696078431372549 0.4756756756756757 0.015522875816993464 0.0918918918918919
3 0.049836601307189546 0.5554054054054054 0.03431372549019608 0.2864864864864865
3 0.02246732026143791 0.5364864864864864 0.03758169934640523 0.2891891891891892
3 0.4444444444444444 0.5932432432432433 0.04493464052287582 0.3027027027027027
3 0.5612745098039216 0.5756756756756757 0.035130718954248366 0.3216216216216216
5 0.3349673202614379 0.5310810810810811 0.028594771241830064 0.1837837837837838
0 0.5061274509803921 0.5027027027027027 0.029411764705882353 0.07567567567567568
3 0.24754901960784315 0.47297297297297297 0.010620915032679739 0.1
3 0.18627450980392157 0.47297297297297297 0.011437908496732025 0.11891891891891893
3 0.8762254901960784 0.5243243243243243 0.0196078431372549 0.0972972972972973