0 0.8381642512077294 0.7493333333333333 0.322061191626409 0.496
0 0.37640901771336555 0.5213333333333333 0.07971014492753623 0.10133333333333333
3 0.3603059581320451 0.5293333333333333 0.013687600644122383 0.152
5 0.7745571658615137 0.5466666666666666 0.08132045088566828 0.19733333333333333
0 0.5780998389694042 0.492 0.06682769726247988 0.08266666666666667
0 0.7447665056360708 0.484 0.07890499194847021 0.07466666666666667
1 0.9561191626409018 0.4693333333333333 0.0861513687600644 0.10133333333333333
0 0.4106280193236715 0.512 0.0571658615136876 0.07733333333333334
0 0.21014492753623187 0.5266666666666666 0.06360708534621579 0.08266666666666667
0 0.47101449275362317 0.4866666666666667 0.020128824476650563 0.04533333333333334
0 0.44122383252818037 0.492 0.023349436392914653 0.04533333333333334