0 0.4895330112721417 0.508 0.020128824476650563 0.064
0 0.16505636070853463 0.772 0.33011272141706927 0.45066666666666666
0 0.8985507246376812 0.7386666666666667 0.20128824476650564 0.5173333333333333
0 0.8087761674718197 0.724 0.30434782608695654 0.5466666666666666
0 0.6002415458937198 0.5893333333333334 0.09259259259259259 0.21866666666666668
0 0.5422705314009661 0.528 0.036231884057971016 0.10133333333333333
0 0.571658615136876 0.556 0.06038647342995169 0.16533333333333333
0 0.29025764895330114 0.5546666666666666 0.07326892109500806 0.088
0 0.1972624798711755 0.5613333333333334 0.08293075684380032 0.09333333333333334
0 0.5249597423510467 0.508 0.02254428341384863 0.06133333333333333
3 0.7902576489533011 0.612 0.04186795491143317 0.4533333333333333