0 0.05112721417069243 0.7346666666666667 0.10225442834138486 0.5253333333333333
0 0.10225442834138486 0.6226666666666667 0.20450885668276972 0.48533333333333334
5 0.36996779388083734 0.5826666666666667 0.03140096618357488 0.20266666666666666
0 0.961352657004831 0.7533333333333333 0.07568438003220612 0.488
0 0.8739935587761675 0.7186666666666667 0.250402576489533 0.456
0 0.7999194847020934 0.6493333333333333 0.27697262479871176 0.2986666666666667
0 0.75 0.5893333333333334 0.2037037037037037 0.2853333333333333
0 0.2805958132045089 0.564 0.143317230273752 0.152
0 0.3132045088566828 0.5506666666666666 0.11674718196457327 0.13333333333333333
0 0.5318035426731079 0.5413333333333333 0.04669887278582931 0.11466666666666667
0 0.3756038647342995 0.5133333333333333 0.06280193236714976 0.08266666666666667
0 0.5092592592592593 0.508 0.0249597423510467 0.06933333333333333
1 0.49033816425120774 0.472 0.013687600644122383 0.05333333333333334