0 0.052737520128824475 0.7386666666666667 0.10547504025764895 0.5173333333333333
0 0.6545893719806763 0.6586666666666666 0.1360708534621578 0.296
0 0.11956521739130435 0.6653333333333333 0.2391304347826087 0.368
1 0.17270531400966183 0.6173333333333333 0.21578099838969403 0.328
0 0.2536231884057971 0.5653333333333334 0.1457326892109501 0.21333333333333335
0 0.6944444444444444 0.5813333333333334 0.14170692431561996 0.14933333333333335
0 0.6163446054750402 0.5186666666666667 0.0966183574879227 0.12266666666666666
0 0.3289049919484702 0.49733333333333335 0.10628019323671498 0.18133333333333335
1 0.5285829307568438 0.47733333333333333 0.037037037037037035 0.12533333333333332
0 0.37359098228663445 0.5066666666666667 0.07809983896940419 0.08533333333333333
0 0.394524959742351 0.49466666666666664 0.06682769726247988 0.09066666666666667
1 0.5128824476650563 0.468 0.024154589371980676 0.09333333333333334
1 0.4335748792270531 0.4693333333333333 0.04508856682769726 0.072