3 0.9325525040387722 0.6671122994652406 0.1332794830371567 0.660427807486631
3 0.574313408723748 0.6737967914438503 0.05331179321486268 0.4625668449197861
3 0.10541195476575121 0.6885026737967914 0.21082390953150243 0.6176470588235294
5 0.23465266558966075 0.7245989304812834 0.1987075928917609 0.5454545454545454
3 0.778675282714055 0.5387700534759359 0.033925686591276254 0.39572192513368987
3 0.7988691437802908 0.5588235294117647 0.04765751211631664 0.3449197860962567
4 0.2649434571890145 0.7486631016042781 0.07189014539579967 0.3449197860962567
4 0.3432956381260097 0.6189839572192514 0.050080775444264945 0.18181818181818182
3 0.40751211631663975 0.5441176470588235 0.015347334410339256 0.1711229946524064
3 0.3925686591276252 0.5508021390374331 0.015347334410339256 0.16042780748663102
3 0.46163166397415184 0.5454545454545454 0.01615508885298869 0.1711229946524064
3 0.4729402261712439 0.5200534759358288 0.012924071082390954 0.13101604278074866
3 0.4886914378029079 0.5401069518716578 0.014539579967689823 0.1657754010695187
3 0.4111470113085622 0.5374331550802139 0.01615508885298869 0.16310160427807488