0 0.49597423510466987 0.508 0.021739130434782608 0.06933333333333333
0 0.6183574879227053 0.592 0.09822866344605476 0.232
0 0.8502415458937198 0.7373333333333333 0.29790660225442833 0.52
0 0.13727858293075684 0.612 0.1457326892109501 0.16533333333333333
0 0.027375201288244767 0.6186666666666667 0.05475040257648953 0.168
0 0.5897745571658615 0.56 0.0644122383252818 0.17066666666666666
3 0.5764895330112721 0.5066666666666667 0.008856682769726247 0.09866666666666667
0 0.5495169082125604 0.5213333333333333 0.03542673107890499 0.09333333333333334
0 0.5285829307568438 0.49466666666666664 0.01932367149758454 0.06133333333333333
0 0.3884863123993559 0.5253333333333333 0.0322061191626409 0.07733333333333334
0 0.4029790660225443 0.5146666666666667 0.02818035426731079 0.064