0 0.501207729468599 0.564 0.0571658615136876 0.15466666666666667
0 0.045491143317230275 0.5773333333333334 0.09098228663446055 0.248
1 0.6698872785829307 0.5813333333333334 0.14492753623188406 0.41333333333333333
3 0.1888083735909823 0.6906666666666667 0.06602254428341385 0.6133333333333333
1 0.16465378421900162 0.524 0.11030595813204509 0.184
0 0.3003220611916264 0.58 0.13687600644122383 0.24266666666666667
0 0.3309178743961353 0.5653333333333334 0.1215780998389694 0.17066666666666666
0 0.3611111111111111 0.5506666666666666 0.11191626409017713 0.144
0 0.4025764895330113 0.532 0.07004830917874397 0.10933333333333334
0 0.4323671497584541 0.5066666666666667 0.05152979066022544 0.06933333333333333
0 0.5885668276972624 0.5506666666666666 0.057971014492753624 0.128
0 0.5684380032206119 0.516 0.04508856682769726 0.11466666666666667
3 0.5483091787439613 0.516 0.010466988727858293 0.09866666666666667
0 0.49074074074074076 0.5253333333333333 0.033011272141706925 0.09866666666666667
0 0.23470209339774556 0.5093333333333333 0.06763285024154589 0.09333333333333334