0 0.49114331723027377 0.5306666666666666 0.04428341384863124 0.12
0 0.142914653784219 0.7733333333333333 0.285829307568438 0.448
0 0.0889694041867955 0.728 0.177938808373591 0.4106666666666667
0 0.2753623188405797 0.5826666666666667 0.11916264090177134 0.192
0 0.3103864734299517 0.556 0.10950080515297907 0.176
0 0.3534621578099839 0.5346666666666666 0.07971014492753623 0.10666666666666667
0 0.43800322061191627 0.536 0.043478260869565216 0.104
0 0.39492753623188404 0.5066666666666667 0.06602254428341385 0.08533333333333333
0 0.5865539452495975 0.5666666666666667 0.071658615136876 0.17066666666666666
2 0.5688405797101449 0.44266666666666665 0.07246376811594203 0.27466666666666667
3 0.6332528180354268 0.5146666666666667 0.01932367149758454 0.16
0 0.04106280193236715 0.576 0.0821256038647343 0.16
0 0.4915458937198068 0.5053333333333333 0.02818035426731079 0.08533333333333333
0 0.22342995169082125 0.5186666666666667 0.05958132045088567 0.09333333333333334