0 0.500402576489533 0.5333333333333333 0.04508856682769726 0.14133333333333334
0 0.7306763285024155 0.628 0.18840579710144928 0.3333333333333333
0 0.677938808373591 0.576 0.14170692431561996 0.23466666666666666
0 0.6509661835748792 0.5373333333333333 0.11191626409017713 0.19466666666666665
1 0.5946054750402576 0.5026666666666667 0.0966183574879227 0.16266666666666665
0 0.570450885668277 0.508 0.07085346215780998 0.096
0 0.5454911433172303 0.48933333333333334 0.04589371980676329 0.06133333333333333
0 0.2830112721417069 0.5253333333333333 0.06360708534621579 0.11466666666666667
1 0.4146537842190016 0.47333333333333333 0.037037037037037035 0.112
0 0.32085346215780997 0.5186666666666667 0.04589371980676329 0.09066666666666667
0 0.35104669887278583 0.5146666666666667 0.03462157809983897 0.06133333333333333
0 0.39331723027375204 0.49466666666666664 0.027375201288244767 0.048
0 0.26610305958132047 0.516 0.03784219001610306 0.07733333333333334
0 0.01247987117552335 0.524 0.0249597423510467 0.09066666666666667