0 0.4915458937198068 0.5053333333333333 0.01932367149758454 0.06133333333333333
0 0.8804347826086957 0.7786666666666666 0.23752012882447665 0.43733333333333335
0 0.749597423510467 0.744 0.26006441223832527 0.5066666666666667
0 0.45128824476650564 0.5146666666666667 0.0249597423510467 0.06933333333333333
0 0.5958132045088567 0.5733333333333334 0.07246376811594203 0.18133333333333335
0 0.5688405797101449 0.5453333333333333 0.05958132045088567 0.15733333333333333
0 0.5551529790660226 0.5306666666666666 0.04186795491143317 0.13333333333333333
0 0.5374396135265701 0.52 0.033011272141706925 0.08533333333333333
0 0.3647342995169082 0.516 0.04428341384863124 0.056
0 0.30676328502415456 0.52 0.04911433172302738 0.056
3 0.5998389694041868 0.5093333333333333 0.014492753623188406 0.13866666666666666