0 0.2528180354267311 0.7346666666666667 0.2528180354267311 0.5253333333333333
0 0.8156199677938808 0.6986666666666667 0.3671497584541063 0.5973333333333334
0 0.36312399355877617 0.6226666666666667 0.1320450885668277 0.27466666666666667
0 0.5547504025764896 0.5173333333333333 0.04830917874396135 0.12
0 0.6525764895330113 0.636 0.1537842190016103 0.3333333333333333
3 0.3256843800322061 0.5453333333333333 0.018518518518518517 0.23733333333333334
3 0.33776167471819646 0.536 0.012077294685990338 0.19466666666666665
0 0.4553140096618358 0.49066666666666664 0.027375201288244767 0.08266666666666667
0 0.535024154589372 0.49466666666666664 0.03140096618357488 0.08533333333333333
3 0.3438003220611916 0.5386666666666666 0.01288244766505636 0.19733333333333333
0 0.5217391304347826 0.476 0.020128824476650563 0.06666666666666667