0 0.463365539452496 0.5373333333333333 0.03784219001610306 0.10133333333333333
0 0.16264090177133655 0.7906666666666666 0.3252818035426731 0.41333333333333333
0 0.31521739130434784 0.7146666666666667 0.17954911433172302 0.41333333333333333
0 0.23752012882447665 0.5973333333333334 0.1537842190016103 0.23733333333333334
0 0.3285024154589372 0.5453333333333333 0.09420289855072464 0.11466666666666667
0 0.35426731078904994 0.5306666666666666 0.07246376811594203 0.10933333333333334
0 0.3820450885668277 0.5226666666666666 0.0644122383252818 0.08
0 0.39814814814814814 0.5173333333333333 0.04830917874396135 0.072
1 0.4061996779388084 0.49733333333333335 0.05152979066022544 0.08266666666666667
2 0.7822061191626409 0.49866666666666665 0.3389694041867955 0.9973333333333333
0 0.5619967793880838 0.564 0.0644122383252818 0.16533333333333333
0 0.5314009661835749 0.5306666666666666 0.04186795491143317 0.104
2 0.5169082125603864 0.46 0.04750402576489533 0.19733333333333333
0 0.12399355877616747 0.5533333333333333 0.10144927536231885 0.12533333333333332
0 0.464170692431562 0.516 0.02818035426731079 0.08