3 0.9143780290791599 0.6377005347593583 0.16962843295638125 0.7192513368983957
3 0.9067043618739903 0.5989304812834224 0.08966074313408724 0.6898395721925134
4 0.2726171243941842 0.7406417112299465 0.09369951534733441 0.3422459893048128
4 0.06623586429725363 0.8756684491978609 0.13247172859450726 0.24331550802139038
3 0.40831987075928916 0.5775401069518716 0.02665589660743134 0.2994652406417112
3 0.38812600969305333 0.5882352941176471 0.03231017770597738 0.2887700534759358
3 0.49434571890145396 0.5254010695187166 0.025040387722132473 0.20320855614973263
3 0.5020193861066236 0.49732620320855614 0.018578352180936994 0.14705882352941177
3 0.539983844911147 0.5254010695187166 0.014539579967689823 0.19786096256684493
3 0.5884491114701131 0.49732620320855614 0.016962843295638127 0.16844919786096257
0 0.4588045234248788 0.4799465240641711 0.02665589660743134 0.06951871657754011
3 0.3691437802907916 0.5347593582887701 0.017770597738287562 0.19786096256684493
3 0.5634087237479806 0.5147058823529411 0.015347334410339256 0.1711229946524064