0 0.1388888888888889 0.768 0.2777777777777778 0.45866666666666667
0 0.3248792270531401 0.68 0.14009661835748793 0.33866666666666667
1 0.39533011272141705 0.524 0.0821256038647343 0.2693333333333333
0 0.043478260869565216 0.7986666666666666 0.08695652173913043 0.3973333333333333
0 0.7620772946859904 0.6253333333333333 0.3244766505636071 0.4026666666666667
0 0.6578099838969405 0.5733333333333334 0.19484702093397746 0.21866666666666668
0 0.24355877616747182 0.6573333333333333 0.12721417069243157 0.2613333333333333
0 0.572866344605475 0.5226666666666666 0.11030595813204509 0.152
1 0.4363929146537842 0.5106666666666667 0.04669887278582931 0.136
0 0.5209339774557166 0.5106666666666667 0.027375201288244767 0.08
3 0.4613526570048309 0.4866666666666667 0.00644122383252818 0.050666666666666665
3 0.464573268921095 0.48533333333333334 0.005636070853462158 0.048