0 0.5225442834138486 0.636 0.10950080515297907 0.3413333333333333
0 0.8397745571658615 0.72 0.24476650563607086 0.5546666666666666
0 0.6095008051529791 0.52 0.08856682769726248 0.13066666666666665
0 0.572866344605475 0.5053333333333333 0.05314009661835749 0.08533333333333333
0 0.5575684380032206 0.49866666666666665 0.0499194847020934 0.06666666666666667
0 0.04750402576489533 0.6293333333333333 0.09500805152979067 0.272
0 0.1723027375201288 0.5906666666666667 0.11513687600644122 0.16
0 0.3276972624798712 0.5253333333333333 0.05233494363929147 0.08533333333333333
0 0.3538647342995169 0.508 0.036231884057971016 0.088
0 0.39090177133655396 0.49866666666666665 0.0322061191626409 0.06133333333333333
0 0.4307568438003221 0.492 0.029790660225442835 0.04533333333333334
0 0.24396135265700483 0.5186666666666667 0.05555555555555555 0.088