0 0.9480676328502415 0.5893333333333334 0.10225442834138486 0.3333333333333333
0 0.8707729468599034 0.5453333333333333 0.15942028985507245 0.25333333333333335
0 0.8309178743961353 0.76 0.3365539452495974 0.4746666666666667
0 0.10466988727858294 0.752 0.20933977455716588 0.49066666666666664
1 0.22987117552334943 0.6546666666666666 0.23752012882447665 0.5386666666666666
0 0.8003220611916264 0.5426666666666666 0.12721417069243157 0.19733333333333333
0 0.7129629629629629 0.508 0.13446054750402575 0.18666666666666668
1 0.7049114331723028 0.504 0.15942028985507245 0.17866666666666667
0 0.3333333333333333 0.596 0.11352657004830918 0.25866666666666666
0 0.37681159420289856 0.572 0.071658615136876 0.17333333333333334
2 0.5064412238325282 0.456 0.08051529790660225 0.23466666666666666