1 0.1324476650563607 0.6293333333333333 0.2648953301127214 0.736
0 0.8357487922705314 0.7493333333333333 0.32689210950080516 0.496
0 0.6863929146537843 0.64 0.12560386473429952 0.31466666666666665
1 0.08333333333333333 0.5226666666666666 0.16666666666666666 0.4106666666666667
0 0.6747181964573269 0.5426666666666666 0.09339774557165861 0.24266666666666667
1 0.49597423510466987 0.48933333333333334 0.033011272141706925 0.11466666666666667
1 0.7298711755233495 0.46266666666666667 0.14492753623188406 0.18133333333333335
0 0.37962962962962965 0.5133333333333333 0.040257648953301126 0.08533333333333333
0 0.33011272141706927 0.496 0.04911433172302738 0.11733333333333333
0 0.5998389694041868 0.492 0.04428341384863124 0.08533333333333333
1 0.5410628019323671 0.44266666666666665 0.023349436392914653 0.088
2 0.5100644122383253 0.428 0.023349436392914653 0.12
0 0.24154589371980675 0.5106666666666667 0.05958132045088567 0.088