3 0.904281098546042 0.6671122994652406 0.10016155088852989 0.660427807486631
3 0.5480613893376414 0.6470588235294118 0.051696284329563816 0.41711229946524064
3 0.22172859450726978 0.7058823529411765 0.10339256865912763 0.5828877005347594
3 0.8962035541195477 0.6270053475935828 0.20597738287560582 0.7406417112299465
5 0.32148626817447495 0.7259358288770054 0.1050080775444265 0.5427807486631016
3 0.7584814216478191 0.5334224598930482 0.0395799676898223 0.3582887700534759
4 0.29604200323101776 0.6978609625668449 0.05977382875605816 0.2914438502673797
4 0.34894991922455576 0.6203208556149733 0.04604200323101777 0.16844919786096257
3 0.40226171243941844 0.5374331550802139 0.01615508885298869 0.15775401069518716
3 0.3897415185783522 0.5427807486631016 0.015347334410339256 0.14705882352941177
3 0.4588045234248788 0.5427807486631016 0.018578352180936994 0.1657754010695187
3 0.48384491114701134 0.5401069518716578 0.011308562197092083 0.16042780748663102
3 0.420032310177706 0.5347593582887701 0.01615508885298869 0.15775401069518716