0 0.8478260869565217 0.744 0.3027375201288245 0.5066666666666667
0 0.6843800322061192 0.6546666666666666 0.16988727858293076 0.38666666666666666
0 0.2210144927536232 0.7186666666666667 0.19082125603864733 0.368
0 0.322061191626409 0.6053333333333333 0.10064412238325282 0.24266666666666667
0 0.5873590982286635 0.5613333333333334 0.07407407407407407 0.184
0 0.37681159420289856 0.572 0.0644122383252818 0.17066666666666666
0 0.5668276972624798 0.544 0.05877616747181964 0.128
1 0.5479066022544283 0.4866666666666667 0.05555555555555555 0.18933333333333333
0 0.5140901771336553 0.5133333333333333 0.020933977455716585 0.05333333333333334
0 0.4311594202898551 0.5226666666666666 0.021739130434782608 0.048
0 0.501610305958132 0.508 0.0249597423510467 0.056
0 0.4806763285024155 0.5106666666666667 0.01932367149758454 0.04