0 0.6489533011272142 0.632 0.1457326892109501 0.3253333333333333
0 0.09460547504025765 0.6346666666666667 0.1892109500805153 0.23733333333333334
0 0.8752012882447665 0.752 0.24798711755233493 0.49066666666666664
0 0.5938003220611916 0.5573333333333333 0.0748792270531401 0.19466666666666665
0 0.34339774557165864 0.592 0.08373590982286634 0.184
0 0.37922705314009664 0.5466666666666666 0.05877616747181964 0.15733333333333333
0 0.5555555555555556 0.5293333333333333 0.04750402576489533 0.12533333333333332
0 0.40982286634460546 0.5293333333333333 0.0426731078904992 0.12266666666666666
0 0.5499194847020934 0.5133333333333333 0.04428341384863124 0.096
1 0.5374396135265701 0.468 0.043478260869565216 0.14933333333333335
0 0.44001610305958133 0.5 0.020128824476650563 0.042666666666666665