0 0.7930756843800322 0.5533333333333333 0.29871175523349436 0.344
0 0.9706119162640902 0.43866666666666665 0.0571658615136876 0.12266666666666666
0 0.9516908212560387 0.44533333333333336 0.09500805152979067 0.112
0 0.3365539452495974 0.5706666666666667 0.07085346215780998 0.17066666666666666
0 0.4114331723027375 0.5586666666666666 0.06521739130434782 0.16266666666666665
0 0.6904186795491143 0.45866666666666667 0.10628019323671498 0.13333333333333333
0 0.7793880837359098 0.44533333333333336 0.05475040257648953 0.09333333333333334
1 0.8739935587761675 0.4226666666666667 0.061996779388083734 0.10933333333333334
0 0.8128019323671497 0.45066666666666666 0.05877616747181964 0.08533333333333333
0 0.3671497584541063 0.5533333333333333 0.0571658615136876 0.12533333333333332
0 0.538244766505636 0.5 0.03462157809983897 0.08
0 0.49033816425120774 0.5066666666666667 0.024154589371980676 0.064
0 0.4500805152979066 0.4826666666666667 0.024154589371980676 0.04