0 0.49033816425120774 0.544 0.04508856682769726 0.12266666666666666
0 0.11714975845410629 0.7466666666666667 0.23429951690821257 0.5013333333333333
0 0.24235104669887278 0.6266666666666667 0.19082125603864733 0.4
0 0.3353462157809984 0.58 0.1247987117552335 0.17866666666666667
0 0.3506441223832528 0.5533333333333333 0.10789049919484701 0.152
0 0.38486312399355876 0.528 0.07326892109500806 0.10133333333333333
0 0.4078099838969404 0.508 0.061996779388083734 0.088
1 0.6566022544283414 0.548 0.16344605475040258 0.424
0 0.6006441223832528 0.564 0.07326892109500806 0.16
0 0.5458937198067633 0.5173333333333333 0.030595813204508857 0.07466666666666667
1 0.5257648953301127 0.47733333333333333 0.024154589371980676 0.08533333333333333
0 0.48752012882447665 0.508 0.029790660225442835 0.08533333333333333
0 0.04106280193236715 0.5613333333333334 0.0821256038647343 0.176
1 0.19484702093397746 0.5253333333333333 0.12560386473429952 0.264
0 0.12359098228663445 0.5253333333333333 0.09822866344605476 0.14933333333333335