0 0.8329307568438004 0.5653333333333334 0.3325281803542673 0.3973333333333333
0 0.9842995169082126 0.436 0.029790660225442835 0.12533333333333332
0 0.9633655394524959 0.44266666666666665 0.071658615136876 0.11733333333333333
0 0.32930756843800324 0.5693333333333334 0.07648953301127215 0.18133333333333335
0 0.40096618357487923 0.56 0.07809983896940419 0.18933333333333333
0 0.7024959742351047 0.45466666666666666 0.11191626409017713 0.13866666666666666
0 0.7926731078904992 0.44133333333333336 0.05636070853462158 0.09866666666666667
1 0.8909017713365539 0.4186666666666667 0.06682769726247988 0.11466666666666667
0 0.8268921095008052 0.44133333333333336 0.061996779388083734 0.088
0 0.3639291465378422 0.5453333333333333 0.06038647342995169 0.13066666666666665
0 0.5426731078904992 0.49466666666666664 0.03542673107890499 0.08266666666666667
0 0.49355877616747185 0.5 0.0249597423510467 0.06666666666666667
0 0.4557165861513688 0.4706666666666667 0.026570048309178744 0.04