0 0.1288244766505636 0.7213333333333334 0.2576489533011272 0.552
0 0.8345410628019324 0.7453333333333333 0.32930756843800324 0.504
0 0.4786634460547504 0.5733333333333334 0.10305958132045089 0.20533333333333334
0 0.7085346215780999 0.648 0.11755233494363929 0.32
0 0.6944444444444444 0.572 0.08373590982286634 0.224
0 0.9533011272141707 0.46 0.09178743961352658 0.18133333333333335
1 0.893317230273752 0.4573333333333333 0.11996779388083736 0.19733333333333333
1 0.8083735909822867 0.476 0.10225442834138486 0.17333333333333334
0 0.5277777777777778 0.504 0.04669887278582931 0.10133333333333333
0 0.6541867954911433 0.5066666666666667 0.033816425120772944 0.09066666666666667
0 0.5563607085346216 0.484 0.033011272141706925 0.07733333333333334
2 0.6300322061191627 0.43066666666666664 0.036231884057971016 0.11466666666666667