0 0.06521739130434782 0.748 0.13043478260869565 0.49866666666666665
0 0.13043478260869565 0.6306666666666667 0.2536231884057971 0.312
0 0.1888083735909823 0.564 0.22061191626409019 0.312
5 0.4074074074074074 0.5413333333333333 0.01932367149758454 0.14133333333333334
0 0.8909017713365539 0.7106666666666667 0.21658615136876005 0.432
0 0.8353462157809984 0.6546666666666666 0.21497584541062803 0.32
0 0.7648953301127214 0.6186666666666667 0.21900161030595813 0.26666666666666666
0 0.7053140096618358 0.5906666666666667 0.18276972624798712 0.19733333333333333
0 0.6803542673107891 0.5573333333333333 0.143317230273752 0.20533333333333334
0 0.32367149758454106 0.544 0.11352657004830918 0.12266666666666666
0 0.34782608695652173 0.5346666666666666 0.09420289855072464 0.10933333333333334
0 0.5277777777777778 0.5253333333333333 0.03864734299516908 0.096
0 0.5100644122383253 0.504 0.02254428341384863 0.064
1 0.49315619967793883 0.4746666666666667 0.01288244766505636 0.050666666666666665