0 0.5197262479871175 0.6026666666666667 0.07407407407407407 0.23466666666666666
0 0.6388888888888888 0.5533333333333333 0.10789049919484701 0.168
0 0.5873590982286635 0.532 0.06280193236714976 0.104
0 0.5676328502415459 0.5226666666666666 0.05636070853462158 0.07733333333333334
0 0.07246376811594203 0.7453333333333333 0.14492753623188406 0.4
0 0.07407407407407407 0.656 0.14814814814814814 0.232
0 0.4037842190016103 0.5306666666666666 0.036231884057971016 0.08
0 0.4557165861513688 0.5106666666666667 0.0249597423510467 0.058666666666666666
0 0.4830917874396135 0.5013333333333333 0.016908212560386472 0.04533333333333334
0 0.2999194847020934 0.5546666666666666 0.0644122383252818 0.104
0 0.33454106280193235 0.5346666666666666 0.043478260869565216 0.10133333333333333
0 0.37922705314009664 0.5226666666666666 0.036231884057971016 0.06933333333333333
0 0.4251207729468599 0.5133333333333333 0.033816425120772944 0.048
0 0.2000805152979066 0.552 0.06763285024154589 0.10666666666666667
0 0.1888083735909823 0.5346666666666666 0.071658615136876 0.07733333333333334