0 0.4677938808373591 0.524 0.03864734299516908 0.104
0 0.055958132045088566 0.7333333333333333 0.11191626409017713 0.44533333333333336
0 0.2580515297906602 0.768 0.24879227053140096 0.45866666666666667
0 0.36513687600644124 0.6306666666666667 0.11835748792270531 0.28
0 0.27898550724637683 0.568 0.12962962962962962 0.192
0 0.34541062801932365 0.5253333333333333 0.0853462157809984 0.10133333333333333
0 0.3896940418679549 0.5066666666666667 0.05958132045088567 0.072
1 0.4114331723027375 0.48533333333333334 0.04830917874396135 0.07733333333333334
2 0.7721417069243156 0.49866666666666665 0.3824476650563607 0.9973333333333333
0 0.5515297906602254 0.5386666666666666 0.05394524959742351 0.14133333333333334
0 0.5273752012882448 0.5133333333333333 0.037037037037037035 0.09333333333333334
2 0.5148953301127214 0.44666666666666666 0.04428341384863124 0.18133333333333335
0 0.16304347826086957 0.5333333333333333 0.08293075684380032 0.10933333333333334
0 0.464170692431562 0.504 0.027375201288244767 0.08