0 0.1247987117552335 0.7346666666666667 0.2246376811594203 0.392
0 0.3530595813204509 0.628 0.09742351046698873 0.23466666666666666
0 0.24114331723027374 0.652 0.13043478260869565 0.25066666666666665
5 0.67914653784219 0.612 0.09500805152979067 0.264
0 0.9488727858293076 0.544 0.10064412238325282 0.27466666666666667
5 0.710950080515298 0.632 0.10466988727858294 0.312
3 0.17753623188405798 0.6 0.020933977455716585 0.22933333333333333
0 0.4194847020933977 0.5506666666666666 0.040257648953301126 0.11466666666666667
0 0.44605475040257647 0.516 0.018518518518518517 0.056
1 0.45450885668276975 0.492 0.01610305958132045 0.064
0 0.5458937198067633 0.528 0.07407407407407407 0.096
0 0.5201288244766505 0.508 0.05152979066022544 0.072
1 0.39533011272141705 0.5586666666666666 0.0644122383252818 0.19466666666666665