0 0.5048309178743962 0.564 0.05152979066022544 0.14133333333333334
0 0.11151368760064412 0.744 0.22302737520128824 0.5066666666666667
0 0.22061191626409019 0.692 0.23510466988727857 0.36533333333333334
0 0.3530595813204509 0.576 0.11352657004830918 0.19466666666666665
0 0.36272141706924316 0.5666666666666667 0.09178743961352658 0.15466666666666667
0 0.4166666666666667 0.5266666666666666 0.07246376811594203 0.096
1 0.4617552334943639 0.476 0.0426731078904992 0.072
0 0.7057165861513688 0.6693333333333333 0.15458937198067632 0.2906666666666667
0 0.6247987117552335 0.5733333333333334 0.08454106280193237 0.192
3 0.5789049919484702 0.564 0.020128824476650563 0.15466666666666667
0 0.5680354267310789 0.5213333333333333 0.03864734299516908 0.10133333333333333
0 0.5024154589371981 0.52 0.030595813204508857 0.09066666666666667
0 0.10909822866344605 0.5306666666666666 0.12238325281803543 0.144
1 0.6863929146537843 0.49866666666666665 0.08132045088566828 0.10666666666666667