0 0.0861513687600644 0.7133333333333334 0.1723027375201288 0.43466666666666665
0 0.1606280193236715 0.62 0.2286634460547504 0.2853333333333333
0 0.20933977455716588 0.5573333333333333 0.2037037037037037 0.2906666666666667
5 0.41264090177133655 0.5413333333333333 0.018518518518518517 0.13333333333333333
0 0.9404186795491143 0.752 0.11755233494363929 0.49066666666666664
0 0.8760064412238325 0.6813333333333333 0.2463768115942029 0.37866666666666665
0 0.8071658615136876 0.6333333333333333 0.1932367149758454 0.2906666666666667
0 0.7447665056360708 0.6066666666666667 0.20128824476650564 0.24533333333333332
0 0.6936392914653784 0.584 0.1706924315619968 0.184
0 0.6710950080515298 0.552 0.13526570048309178 0.19466666666666665
0 0.33132045088566825 0.5386666666666666 0.10869565217391304 0.11733333333333333
0 0.3534621578099839 0.532 0.09098228663446055 0.104
0 0.5273752012882448 0.5253333333333333 0.03784219001610306 0.09333333333333334
0 0.5100644122383253 0.5026666666666667 0.021739130434782608 0.06133333333333333
1 0.49355877616747185 0.4746666666666667 0.01288244766505636 0.050666666666666665