1 0.4025764895330113 0.5013333333333333 0.027375201288244767 0.09866666666666667
5 0.44363929146537845 0.5866666666666667 0.043478260869565216 0.26666666666666666
0 0.9363929146537843 0.7306666666666667 0.12560386473429952 0.5333333333333333
0 0.6807568438003221 0.7253333333333334 0.24476650563607086 0.48
0 0.1107085346215781 0.7173333333333334 0.2214170692431562 0.37866666666666665
1 0.21618357487922704 0.6173333333333333 0.11996779388083736 0.2613333333333333
0 0.537842190016103 0.576 0.09742351046698873 0.23733333333333334
0 0.4971819645732689 0.556 0.07326892109500806 0.16533333333333333
0 0.2648953301127214 0.592 0.06682769726247988 0.15733333333333333
3 0.644927536231884 0.536 0.02576489533011272 0.21866666666666668
0 0.28703703703703703 0.5613333333333334 0.04911433172302738 0.11733333333333333
0 0.4694041867954911 0.54 0.04669887278582931 0.11466666666666667