0 0.8305152979066023 0.7653333333333333 0.33735909822866345 0.464
0 0.0499194847020934 0.7706666666666667 0.0998389694041868 0.4533333333333333
0 0.10466988727858294 0.7013333333333334 0.20933977455716588 0.384
0 0.13486312399355876 0.6453333333333333 0.249597423510467 0.288
0 0.20209339774557167 0.5986666666666667 0.19162640901771336 0.25333333333333335
0 0.6006441223832528 0.592 0.09903381642512077 0.21333333333333335
0 0.3115942028985507 0.5733333333333334 0.14251207729468598 0.16
0 0.5607890499194848 0.536 0.05152979066022544 0.10933333333333334
0 0.3172302737520129 0.5506666666666666 0.10950080515297907 0.14666666666666667
0 0.3357487922705314 0.5266666666666666 0.08776167471819646 0.144
0 0.5314009661835749 0.49733333333333335 0.027375201288244767 0.08