3 0.7318255250403877 0.68048128342246 0.0864297253634895 0.6336898395721925
3 0.8432956381260097 0.5828877005347594 0.05896607431340872 0.5481283422459893
3 0.9915185783521809 0.5949197860962567 0.015347334410339256 0.5294117647058824
4 0.1191437802907916 0.8168449197860963 0.14539579967689822 0.3609625668449198
4 0.18861066235864296 0.8128342245989305 0.10581583198707593 0.3689839572192513
4 0.31260096930533116 0.660427807486631 0.06865912762520193 0.24866310160427807
4 0.21607431340872374 0.8141711229946524 0.1074313408723748 0.3689839572192513
3 0.4244749596122779 0.5467914438502673 0.01938610662358643 0.22727272727272727
3 0.401453957996769 0.5467914438502673 0.022617124394184167 0.21657754010695188
3 0.4761712439418417 0.5267379679144385 0.020193861066235864 0.18983957219251338
3 0.4991922455573506 0.49866310160427807 0.013731825525040387 0.14171122994652408
3 0.5161550888529887 0.5240641711229946 0.014539579967689823 0.18181818181818182
3 0.5726978998384491 0.4959893048128342 0.016962843295638127 0.16042780748663102
0 0.4499192245557351 0.4786096256684492 0.025040387722132473 0.06417112299465241
3 0.39176090468497576 0.5267379679144385 0.033117932148626815 0.18181818181818182
3 0.539983844911147 0.516042780748663 0.013731825525040387 0.16310160427807488